Scripts/msseldir/mssel 20 1 0 20 Working/freq.traj.66 20 -t 100000.0 -r 2000.0 40 
32733 3467 6580

//
segsites: 251
positions: 0.0014 0.0021 0.0041 0.0151 0.0154 0.0185 0.0187 0.0213 0.0270 0.0355 0.0386 0.0409 0.0478 0.0511 0.0530 0.0552 0.0580 0.0623 0.0632 0.0790 0.0792 0.0807 0.0818 0.0832 0.0879 0.0958 0.0985 0.0989 0.0998 0.1067 0.1163 0.1190 0.1207 0.1270 0.1281 0.1291 0.1306 0.1317 0.1431 0.1453 0.1508 0.1545 0.1571 0.1660 0.1667 0.1667 0.1714 0.1739 0.1774 0.1791 0.1810 0.1812 0.1873 0.1886 0.1890 0.1943 0.1952 0.1968 0.2048 0.2058 0.2085 0.2155 0.2162 0.2245 0.2255 0.2278 0.2342 0.2354 0.2400 0.2411 0.2526 0.2539 0.2560 0.2579 0.2713 0.2789 0.2861 0.2868 0.2888 0.2910 0.2911 0.2946 0.3009 0.3009 0.3118 0.3142 0.3204 0.3240 0.3267 0.3348 0.3567 0.3570 0.3621 0.3695 0.3769 0.3849 0.3874 0.3919 0.3925 0.3936 0.3940 0.4003 0.4048 0.4076 0.4154 0.4154 0.4245 0.4358 0.4414 0.4481 0.4487 0.4510 0.4544 0.4594 0.4608 0.4697 0.4700 0.4725 0.4796 0.4815 0.4876 0.4934 0.5058 0.5107 0.5167 0.5193 0.5321 0.5350 0.5384 0.5390 0.5481 0.5540 0.5548 0.5591 0.5641 0.5644 0.5683 0.5731 0.5746 0.5774 0.5779 0.5831 0.5832 0.5890 0.5900 0.5939 0.5976 0.6038 0.6056 0.6111 0.6120 0.6173 0.6176 0.6259 0.6270 0.6302 0.6317 0.6318 0.6333 0.6355 0.6364 0.6380 0.6398 0.6436 0.6481 0.6485 0.6507 0.6592 0.6599 0.6606 0.6649 0.6673 0.6680 0.6737 0.6739 0.6759 0.6761 0.6859 0.6909 0.6914 0.6950 0.7090 0.7185 0.7195 0.7199 0.7211 0.7221 0.7237 0.7253 0.7329 0.7343 0.7424 0.7449 0.7450 0.7472 0.7513 0.7600 0.7607 0.7662 0.7678 0.7712 0.7783 0.7827 0.7869 0.7903 0.7992 0.8001 0.8048 0.8080 0.8124 0.8145 0.8150 0.8192 0.8249 0.8260 0.8378 0.8396 0.8472 0.8488 0.8489 0.8495 0.8539 0.8573 0.8626 0.8669 0.8778 0.8803 0.8891 0.8953 0.9019 0.9030 0.9052 0.9126 0.9197 0.9236 0.9290 0.9316 0.9380 0.9392 0.9413 0.9452 0.9594 0.9603 0.9632 0.9724 0.9774 0.9811 0.9828 0.9868 0.9871 0.9893 
01011000100000001000000000000010000010000000010000000010010100100101000101000000110010001001010000100100000000000100000000100000100001000000110100000010001000110100001000000110010010001010000100010000010000100100101000001100100000001011100001000000010
00111000100000001001001000010010000010000010010001000000110000001100000101000000101110000000010000101010000001000111000000100000110100000000100100000011001000110110000000001000001010000000000100010000000000100010100010001100000010011111001001000000010
00000010010001110110100011000101101100000001100000010000000000000000011000000101000000100100001010010000010100101000010000000001000000010000000000001000100100000000000000000000000000000001011000100111100010000000000000110001000100100000010010110001001
00011000100000001000000000000010000010000100010000000010010100100100000101000000110010001011010000100100000000000100000000100000100000000000110100000010001000110100001000000110010010000010000101010000000000101100100000001100100000001011100001000000010
00000110010001010100110010000101111100100001100000111001000000000000011000010101000000000100001010010000110000100000000000010001000000000000000010011000100100000000000000000000000100000001011000001111100010010000000000100011000100100000000010111011001
01011000100000001000000000000010000010000000010000000010010100100101000101000000110010001001010000100100000000000100000000100000101001000000110100000010001000110100001000000110010010001010000100010000010000100100101000001100100000001011100001000000010
01011000100000001000000000000010000010000000010000000010010100100100000101000000110010001001010001100100000000000100000000100000100000001000110100000010001000110100001000000110010010000010000100010000010000100100101000001100100000001011100001000000010
00000010010001010100100010000101101100000001100000010000000000010000011000000101000000010100001010010000010100101000000000000001000000000000000000101100100100000000000000000000000000000001011000000111100110000000000000100001000101100000000010110001001
00000010010101010100100010000101101100000001100000010000000000000010011000000101000000000100001010010000010100101000000001000001000000000000000000101100100100001000000000000000000000000001011000000111100010000000010000100001000100100000000110110001001
00000110010001010100110010000101111100100001100000111101000000000000011000010101000001000100001010010000010000100000000000000001000000000000000010001000100100000000000010000001000100010001011000001111100010000000000000100011000100100000000010110001001
00011000100000001000000000000010000010000000010000000010011100000100000101000000110010000001010000100100001000000100000000100000100000100000110100000010001000110100001000000110010010000010000100010000000000100100100100001100110000001011000001000000010
00000010010001010100100010100101101100000001100000010000000000000000011000100101000000000100001010010000010100101000000000000001000000000000000000101100100100000000000001000000000000000001011000000111100010000000000000100001000101100000000010110001001
00000010010001010100100110000101101100000001100000010000000000000000011000000101000000000100001010010000010100111000000000000101000000000000000000101100100100000000000000000000000000000001011000000111101010000000000000100001000100100000000010110001001
00000110010001010100110010000101111100100001100000111001000000000000011000010101000000000100001010010000010000100000000010000001000000000001000000001000100100000000000000000000000100000101011000001111100010000000000000100011000100100000000010110001001
10011000100000001001001000000010000011000010011001000000010000000100000101000000101010000000010000100011000000000111000000100000100110000000100100000010011000110110000100000000101010100000000100010000000001100010100000001100000000011011000001000100010
00000110010001010100110010000101111100100001100000111001000001000000011000010101000000000100101010010000010000100000000000000001000000000100000010001000100100000000000000000000000100000001011000001111100010000000000000100011000100100000000010110001001
00000010010001010100100010000101101100000001100000010000000000000000011000000101000000000100001010010000010110101000001000000001000000000000000000101100100100000000000000000000000000000001011000000111100010000000000000100001000100100000000010110001001
00000011010011010000100000000001101000011000100110010000000010000000111000001111000000000100001100010000000000000000000100000011000000000010001001001000100000000000000000100000000000000001111000000111100010000000000001100001001100100000000010110000001
00000010011001010000100000001001101000001000100000010000000010000000011000000101000000000100001100010000000000000000100100001001000000000000000000001000100011000001110000010000000001000001011010000111100010000001000001100001001100100000000010110000001
00000010010101010100100010000101101100000001100000010000000000000010011010000101000000000100001010010000010100101000000001000001000000000000000000101100100100001000000000000000000000000001011000000111100010000000010000100001000100100000000110110001101
