Scripts/msseldir/mssel 20 1 0 20 Working/freq.traj.10 20 -t 100000.0 -r 2000.0 40 
5129 22406 40796

//
segsites: 171
positions: 0.0105 0.0122 0.0132 0.0212 0.0311 0.0367 0.0423 0.0542 0.0629 0.0716 0.0767 0.0790 0.0799 0.1044 0.1066 0.1077 0.1202 0.1271 0.1330 0.1370 0.1390 0.1422 0.1430 0.1472 0.1495 0.1556 0.1585 0.1587 0.1648 0.1675 0.1837 0.2103 0.2155 0.2254 0.2270 0.2339 0.2361 0.2502 0.2504 0.2543 0.2545 0.2646 0.2723 0.2782 0.2798 0.2842 0.2861 0.2994 0.3017 0.3022 0.3211 0.3215 0.3245 0.3427 0.3583 0.3713 0.3818 0.3857 0.3992 0.4069 0.4100 0.4105 0.4116 0.4140 0.4184 0.4222 0.4293 0.4382 0.4468 0.4556 0.4565 0.4573 0.4684 0.4727 0.4752 0.4883 0.4941 0.4966 0.5002 0.5010 0.5038 0.5134 0.5158 0.5182 0.5195 0.5284 0.5380 0.5384 0.5386 0.5508 0.5726 0.5741 0.5820 0.5827 0.5831 0.5977 0.5999 0.6003 0.6179 0.6186 0.6188 0.6288 0.6329 0.6334 0.6405 0.6502 0.6604 0.6652 0.6670 0.6699 0.6714 0.6725 0.6741 0.6783 0.6956 0.6984 0.7018 0.7032 0.7043 0.7078 0.7110 0.7129 0.7161 0.7189 0.7228 0.7237 0.7299 0.7315 0.7326 0.7468 0.7524 0.7525 0.7551 0.7591 0.7614 0.7616 0.7688 0.7855 0.7866 0.7892 0.7949 0.8038 0.8066 0.8166 0.8419 0.8578 0.8643 0.8658 0.8733 0.8742 0.8784 0.8850 0.8892 0.8900 0.8946 0.8952 0.8957 0.9060 0.9274 0.9351 0.9397 0.9523 0.9537 0.9561 0.9612 0.9682 0.9770 0.9810 0.9904 0.9929 0.9999 
100100000000000000000000010001010100000000000000000010000100100000000000000110110001000000000010010001000000100000010000100000000000000000000000100100000000000000000001000
000000000001000000100100010000100100000000000000000010000010000000100001011010100000000000000000010100100001000000001000100000000000000000100001100100000000010000000000000
000000000001000000000000010000100100000000000000000011000000000000100000001010100000000000000000010000000001000000001000101000000000000000000001100100001000000000000000000
000000000000100000000000011001010100000100010000000110000100000000000000000110100001010001000000010000000000000000000000100100000000000000000000100100000000000000001000000
000001000100000100010010000000000000001000000001001000000000000100011010100000000010101000000000011000001000000001000000010000000011010000000010000001000000000100000000000
001010010000010011001000010000000000000010001000000010000000000000000000000011100000000000001000010010000100000100000001100000010000000000000100111100000010000000000000000
001010010000010011001000010000000000000010001000000010000000000000000000000011100000000000001000010010000100000100000001100000010000000000000100111100000010000000000000000
000001100110000100000010000000000000001000000001011000100000000000010010000000000010101000000000011000001000000001000000010001000011010000000010000000010000000000000000000
000000000001000000000000010000100100000000000000000010000000000000100000001010100000000000000000010000000001000000001000100000000000000100100001100100000000010000100000000
000000000001000000000000010000100100000000000000000010000000010000100000001010101000000000000000010000000001000000001000100000001000100000000001100100100000001000000000000
000000000000000000000000010000000100000000000000100010000000000010000000000010100100000010100000010000000000010000000100100000000100001000000000100110000101000010000000000
000000000000000000000000010000000100000000000000100010000000000010000000000010100100000010100000010000000000000000000100100000000100001000000000100110000101000010000000000
000000000000001000000000010000000000000000100000000010000001001000000000000010100000000000000100010000010010000000000000100010000000000000001000100100000000000000000110011
000000000000000000000001100100000000100000000010000000011000000001000100000000000000000100000001000000000000001010100010000000000000000001010000000000000000100000010000100
100100000000000000000000010001010100000000000000000010000100000000000000000110110001000000000000010001000000100000010000100000000000000000000000100100000000000000000001000
010000000000001000000000010000000000000000100000000010000001001000000000000010100000000000000100010000010010000000000000100010000000000000001000100100000000000001000010011
000000001001000000000000010010100110010000000000000010000000000000100000001010100000000000010000010000000001000000001000100000000000000000100001100100000000010000000000000
000000000001000000000000010000100100000000000100000010000000000000100000001010100000000000000000110000000001000000001000100000000000000000100001100100000000010000000000000
000000000000000000000000010000001001000001100000000010000001001000000000000010100000000000000100010000010010000000000000100010100000000010001000100100000000000000000010010
000000000001000000000000010000100100000000000000000011000000000000100000001010100000000000000000010000000001000000001000101000000000000000000001100100001000000000000000000
