Scripts/msseldir/mssel 20 1 0 20 Working/freq.traj.25 20 -t 10000.0 -r 2000.0 40 
37313 27564 45914

//
segsites: 13
positions: 0.0836 0.1450 0.2027 0.3682 0.4496 0.4655 0.6257 0.6353 0.6757 0.6899 0.7618 0.7769 0.8029 
0000011000000
0000010001000
0101000000100
0101000000110
0101000000100
0000011000000
0000011000000
0000010000000
0100100000100
0000010000000
0100100000100
0000010001000
0000011000000
0100100000100
0000010000000
0000010010001
0000010000000
0110100000100
0000010110001
1000011000000
