Scripts/msseldir/mssel 20 1 0 20 Working/freq.traj.12 20 -t 10000.0 -r 2000.0 40 
63573 52471 42179

//
segsites: 14
positions: 0.1435 0.1558 0.2303 0.2644 0.3119 0.3906 0.3957 0.4476 0.4658 0.4954 0.5305 0.6236 0.7350 0.9313 
10000110001100
01000110000010
00000000100000
01000110000010
00100110000000
10000110011000
00000110001000
00000110001000
00000000100000
00000000100000
00000110001000
00010110000000
10000110001000
00000110000000
00000110000000
00000110000000
00000000100000
00000000100001
00001111000000
00000000100000
