Scripts/msseldir/mssel 20 1 0 20 Working/freq.traj.3 20 -t 10000.0 -r 2000.0 40 
13656 3308 55921

//
segsites: 30
positions: 0.0258 0.0705 0.0836 0.1086 0.2212 0.2641 0.2755 0.2913 0.3511 0.3628 0.3862 0.4715 0.4755 0.5281 0.5881 0.5896 0.6056 0.6449 0.6903 0.6958 0.7548 0.7583 0.8302 0.8543 0.8783 0.9141 0.9356 0.9462 0.9752 0.9789 
110000000001010101000100001100
010000000001010000000100000100
010010000001010000001100000100
010000000001010000001100000100
010000000001010000000100000100
010000011101010000010100000100
000001000010001010000000000010
010000000001010000000100000100
000101000000001010100000100000
000001000000001010000000000001
011000100001010000000101000100
010000000001010000000100000100
010000000001010000000100000100
000001000000001010000010000000
010000000001010000000100000100
010000000001110000000100000100
010010000001010000001100000100
010000000001010000001100000100
000001000000001010000000000000
010000000001010101000100011100
