./mssel 10 2 10 0 recurr_lost.traj 0 -t 200. -r 200 2 
55961 17150 12677

//
segsites: 353
positions: 0.0013 0.0024 0.0027 0.0027 0.0039 0.0050 0.0052 0.0095 0.0141 0.0145 0.0214 0.0232 0.0264 0.0265 0.0317 0.0338 0.0344 0.0350 0.0350 0.0374 0.0385 0.0396 0.0438 0.0490 0.0494 0.0548 0.0588 0.0603 0.0612 0.0624 0.0631 0.0635 0.0645 0.0647 0.0674 0.0711 0.0734 0.0756 0.0801 0.0816 0.0827 0.0847 0.0848 0.0883 0.0895 0.0949 0.0953 0.0959 0.1018 0.1020 0.1040 0.1055 0.1069 0.1072 0.1154 0.1185 0.1227 0.1239 0.1268 0.1312 0.1319 0.1354 0.1359 0.1515 0.1564 0.1577 0.1615 0.1626 0.1646 0.1672 0.1690 0.1692 0.1710 0.1745 0.1786 0.1803 0.1817 0.1852 0.1872 0.1883 0.1892 0.1925 0.1931 0.1954 0.2026 0.2030 0.2038 0.2038 0.2041 0.2068 0.2136 0.2138 0.2165 0.2204 0.2214 0.2234 0.2241 0.2247 0.2267 0.2278 0.2287 0.2299 0.2308 0.2345 0.2414 0.2459 0.2462 0.2481 0.2492 0.2527 0.2540 0.2550 0.2552 0.2607 0.2614 0.2648 0.2654 0.2722 0.2733 0.2752 0.2797 0.2805 0.2805 0.2842 0.2889 0.2889 0.2910 0.2924 0.2950 0.2960 0.2978 0.2986 0.2994 0.2995 0.3009 0.3036 0.3046 0.3055 0.3190 0.3242 0.3261 0.3265 0.3278 0.3285 0.3362 0.3407 0.3415 0.3435 0.3440 0.3455 0.3500 0.3536 0.3537 0.3550 0.3621 0.3739 0.3758 0.3776 0.3781 0.3782 0.3789 0.3799 0.3806 0.3840 0.3854 0.3871 0.3890 0.3903 0.3910 0.3937 0.3974 0.3990 0.4061 0.4092 0.4099 0.4129 0.4135 0.4171 0.4200 0.4239 0.4256 0.4276 0.4284 0.4284 0.4350 0.4436 0.4469 0.4502 0.4520 0.4531 0.4617 0.4656 0.4661 0.4689 0.4708 0.4715 0.4734 0.4748 0.4802 0.4854 0.4858 0.4858 0.4873 0.4893 0.4913 0.4915 0.4917 0.4925 0.4947 0.4950 0.4955 0.4993 0.5010 0.5020 0.5031 0.5040 0.5090 0.5119 0.5199 0.5291 0.5308 0.5310 0.5332 0.5447 0.5466 0.5491 0.5656 0.5723 0.5784 0.5791 0.5836 0.5848 0.5853 0.5897 0.5943 0.6015 0.6028 0.6068 0.6077 0.6087 0.6195 0.6215 0.6220 0.6229 0.6243 0.6251 0.6252 0.6263 0.6286 0.6337 0.6379 0.6400 0.6487 0.6554 0.6614 0.6650 0.6651 0.6671 0.6682 0.6683 0.6727 0.6736 0.6753 0.6773 0.6831 0.6890 0.6892 0.6929 0.6932 0.7000 0.7011 0.7068 0.7121 0.7210 0.7215 0.7219 0.7247 0.7265 0.7321 0.7355 0.7389 0.7397 0.7402 0.7431 0.7465 0.7465 0.7474 0.7484 0.7509 0.7642 0.7648 0.7739 0.7801 0.7815 0.7892 0.7947 0.7970 0.7973 0.7996 0.7998 0.8020 0.8106 0.8169 0.8216 0.8234 0.8240 0.8340 0.8408 0.8415 0.8421 0.8425 0.8439 0.8446 0.8528 0.8616 0.8640 0.8666 0.8667 0.8720 0.8730 0.8732 0.8735 0.8742 0.8757 0.8764 0.8793 0.8820 0.8821 0.8877 0.8896 0.8951 0.9060 0.9066 0.9092 0.9139 0.9220 0.9321 0.9326 0.9409 0.9418 0.9467 0.9529 0.9564 0.9671 0.9737 0.9747 0.9749 0.9773 0.9812 0.9827 0.9906 0.9938 0.9978 
10000000000100010010001100101000111001000010110000000011010000000001000001001110101011010111000001111110100010010001111110010001000110000110010100001010101000100101000001010000000011000001101010001010101000010100100000000100100000000001010001000000110000011011110101010000000100011011001001100001000100100001110011111110000010000100000011100001001100000
01110111111011101000010000000100000000100101001100001100100010110110011010010001010000100000001110000000011000101010000000100110100001010001001001010001000100011010111110001001100000110100010001000000000000001000100000010100000000000001000001000000110000010011110101010000000100011011001001100001000100100000110011111110000000000100000001100101001100000
00000000000100000110001110001010111001010010110001000001011001000001000101001110101110011001010001001101000110010101001101001001011110000110010000000100011001000000000001110000000011001010000010110000110000100101100000000100000000000001010001000000110010010011110101010000000100011011001001110001000100100000110011111110000000000100000011100001001100000
00000000000100000010001100001010111011010010110000000001011000000001000001001110101110011001000001001101000010010001001100000001001110101110010010100100001000000000000001010000000011001010000010100000100000100101001110001010011011011110100010001110001001100100000010101010010000000000100000001110100011011100000000000001111100010010100000001010010000111
00001000000100000011101101111000111101001010110000010001010100001001000001001110101010010001100001001100100011010001001100000001000110000110010000000000101010000000000001010000010111000000100110000001100001000100001100001000011010101100100010001111001001100100000000101011101000000000010000001110100011001100000100000001110101101010100000001000010000111
01110111111011101000010000000100000000100101001100001100100010110110011010010001010000100000001110000000011000101010000000100110100001010001001001010001000100011010111110001001100000110100010001000100000000001000001100001000011010001100100110001111001001100100000000101111100000100100000000001110100011001110000000000001110101001011101000001000010000111
01110111111011101000010000000100000000100101001100001100100010110110011010010001010000100000001110000000011000101010000000100110100001010001001001010001000100011010111110001011100000110100010001000000000100001000100001100101000100000001000001100000110100010011110101010000000110011011001001100001001100100000101011111110000000000100010001110001001101000
00000000000100000110001110001010111001010010110001000001011000000001000101001110101110011001000001001101000010010101001101001001011110000110010000000100011001000000000001110000000011001010000010100000110000100101110000000100000000000001011001000000110000010011110101010000000100011011001011100001000100100000110011111110000000000100000111100001001110000
01110111111011101000010000000101000000000001001110101100100000110110010010110001000000000000001110000000010000100010000000100110100001010001001001010001000100010000111110001101101000110000010001000000000010001010001110001010011010011100100010011110001001100100001010101010000000000000000100001110110011011100000000000001110100010010100000001010110000111
01110111111011101000010000000100000000100101001100001100100010110110111010010001010000100000001110000000011000101010000000100110100001010001101001010001000100011010111110001001100000110100010001000000000000001000100000000100000000000001010001000000110000010011110101010000000101011011001001100001000100100000110011111110000000000100000011100001001100000

//
segsites: 390
positions: 0.0002 0.0004 0.0011 0.0013 0.0035 0.0043 0.0057 0.0098 0.0112 0.0127 0.0148 0.0149 0.0163 0.0209 0.0262 0.0273 0.0303 0.0352 0.0370 0.0378 0.0404 0.0448 0.0450 0.0472 0.0478 0.0551 0.0561 0.0572 0.0580 0.0621 0.0633 0.0633 0.0636 0.0674 0.0680 0.0700 0.0726 0.0728 0.0746 0.0776 0.0777 0.0785 0.0813 0.0825 0.0856 0.0856 0.0863 0.0893 0.0916 0.0934 0.0939 0.0976 0.0986 0.1021 0.1029 0.1045 0.1075 0.1131 0.1151 0.1154 0.1195 0.1220 0.1236 0.1243 0.1251 0.1263 0.1266 0.1285 0.1312 0.1335 0.1369 0.1371 0.1379 0.1385 0.1386 0.1397 0.1398 0.1398 0.1424 0.1445 0.1452 0.1457 0.1474 0.1492 0.1500 0.1529 0.1537 0.1606 0.1617 0.1645 0.1661 0.1703 0.1761 0.1807 0.1807 0.1812 0.1825 0.1853 0.1870 0.1945 0.1977 0.2001 0.2030 0.2060 0.2065 0.2074 0.2076 0.2078 0.2120 0.2125 0.2177 0.2207 0.2222 0.2230 0.2319 0.2337 0.2366 0.2379 0.2384 0.2402 0.2458 0.2484 0.2508 0.2529 0.2547 0.2588 0.2612 0.2623 0.2627 0.2627 0.2628 0.2683 0.2767 0.2768 0.2769 0.2771 0.2772 0.2819 0.2825 0.2859 0.2881 0.2983 0.3027 0.3074 0.3083 0.3088 0.3089 0.3098 0.3105 0.3126 0.3178 0.3195 0.3201 0.3221 0.3241 0.3244 0.3272 0.3276 0.3324 0.3326 0.3357 0.3374 0.3378 0.3380 0.3436 0.3468 0.3471 0.3474 0.3488 0.3515 0.3519 0.3541 0.3551 0.3560 0.3567 0.3582 0.3604 0.3619 0.3648 0.3650 0.3650 0.3656 0.3664 0.3690 0.3740 0.3774 0.3775 0.3796 0.3816 0.3911 0.3974 0.3984 0.4012 0.4062 0.4069 0.4100 0.4135 0.4147 0.4161 0.4167 0.4171 0.4205 0.4206 0.4260 0.4334 0.4414 0.4462 0.4472 0.4520 0.4555 0.4577 0.4592 0.4658 0.4661 0.4666 0.4679 0.4730 0.4748 0.4782 0.4782 0.4823 0.4921 0.4936 0.4952 0.4982 0.4992 0.5001 0.5074 0.5159 0.5167 0.5179 0.5213 0.5278 0.5294 0.5368 0.5388 0.5513 0.5516 0.5519 0.5570 0.5628 0.5644 0.5716 0.5734 0.5755 0.5772 0.5774 0.5809 0.5811 0.5813 0.5842 0.5860 0.5918 0.5925 0.5941 0.5955 0.5959 0.5995 0.6003 0.6019 0.6066 0.6151 0.6161 0.6181 0.6225 0.6266 0.6285 0.6303 0.6345 0.6359 0.6360 0.6456 0.6459 0.6462 0.6518 0.6532 0.6547 0.6559 0.6589 0.6609 0.6622 0.6635 0.6657 0.6676 0.6678 0.6693 0.6707 0.6730 0.6773 0.6824 0.6832 0.6863 0.6913 0.6924 0.6978 0.7002 0.7006 0.7083 0.7142 0.7172 0.7243 0.7319 0.7365 0.7369 0.7394 0.7396 0.7404 0.7426 0.7450 0.7456 0.7458 0.7503 0.7530 0.7551 0.7565 0.7574 0.7586 0.7603 0.7672 0.7710 0.7738 0.7778 0.7839 0.7841 0.7903 0.7919 0.7927 0.7972 0.7974 0.7974 0.7984 0.8065 0.8075 0.8185 0.8197 0.8201 0.8243 0.8318 0.8355 0.8372 0.8388 0.8392 0.8435 0.8436 0.8479 0.8512 0.8546 0.8564 0.8613 0.8635 0.8665 0.8689 0.8791 0.8795 0.8857 0.8881 0.8987 0.8997 0.9015 0.9126 0.9128 0.9168 0.9189 0.9196 0.9259 0.9298 0.9328 0.9347 0.9348 0.9394 0.9395 0.9397 0.9398 0.9426 0.9502 0.9509 0.9515 0.9589 0.9620 0.9637 0.9682 0.9693 0.9724 0.9837 0.9848 0.9860 0.9888 0.9898 0.9925 0.9945 
001001000001000000000101100001000000001000010000111010000000010100100001000001001110100000010000000110001010100000010001000111110000000001100001010001000000100111000010101001010000000001000000110011001001010001100000001111100100010101001100000011100100000001000100000010000001001000011000100000100000000101011100111010110001100000000000000001001000000011101000001101001100000000000000100000
001001000001000000000101100001000000000000010000111010000000010100100001000001001110000000010000000110001010100010000001000011110000000101100001010001000000100111000010101000010000000001000000110011001001010001100000001101000100110101000100011111010100000101000010000110010101000010010100101000100010000101001010110010100000100000000000000011001000000011101000101101000010101100010000100100
110000110100110110000000011000100011000010000011000101100110100000001110101000100000000010100100100000000001010000100000110000001011101000000100000110010110001000101000000000101011111000010001000000000100100000010101000000000000011101000100100011000100000001000000000010000001000000110000100000100000000111001100111110100010100000100000000001001010000111101000001101001000000000101000110000
000000001000001001010000000010001000000001010100110010001000001000100001010001010101011100000001011000111000000000000010000000110100000010011011010000001000000010000000010110000100000000100000101100001001000100100000000100000101000010100000000000000001011010010001111001101010110001000000000101000001000000000000000000001100001100001111101100100101110000000011000010110001010001000111001000
000000001000001000010010000000001000000101010000110010010000000010100001000001000100011100000000010001011100001000000110001000110100010010001011111000000000010010000001000100000100000000000010101100001011001000101000100100001101000010000011000000000001011010010001011000100010110000000001000101010001000000000000000000001100001100001111101100000101100000000011000010110001010001000101001010
100000010000110110100000011100100010000010000011000101100110100001001110001010100000000011100100000000000001010000000000110000001011101000000100000110010110001000110000000000101011111100011001000000000100100000010101010000010001000010000000000000000011011010010001011000100010110100000000000101000001000000100000000000001100011110001111101100000101100000000011000010110001010001000101001001
001001000011000000000101100001000000000000010000111010000000010100100001000001001110000000010000000110001010100001000001000011110000000001100001010001000000100111000010101000010000000001000000110011001001010001100000001101000100010101001100000011100100000001001100000010000001001000011000100000100000000101011100111010110001100000010000000001001000000011101000001101001100000000000000100000
001011000001000000000101100001000000000000010000111010000000010100100001000001001110000000010000000110001010100000000001000011110000000001100001010001100000100111000010101000010000000001000000110011011001010001100000001101000101000010000000000000000001011010110001011000100010110000000010000111000001101000000000000001001100001100001111111100010101100000000011000010110001010011000101001000
100000010000110110001000011000110110110000101011000101100111100000011110001100100000000010100010000000000001000100001000110000001011001000000100000110010111001000100000000000001001011010010101000000100100100010010011000000000010010101010100000111001100100001000000000010000001000010010000110000101100010101001001110010100000100001000000000001001000001011111100011101000000000000000000100000
000100001000001000010010000000001000000001010000110010010000000000100001000001000100011100001000010001011100001000000110001000110100010010001011011000000000000010000101000100000100000000000010101100001001000000101000100100001100010101001100000011100100000001000100000010000001001000011000100000100000000101011100111010110001100000000000000001001000000011101000001101001100000000000000100000
