//  ./trajfixconst 1 0.0025 10000 738
1
#
0.000000	0.000000
0.000025	0.000050
0.000050	0.000050
0.000075	0.000150
0.000100	0.000113
0.000125	0.000239
0.000150	0.000179
0.000175	0.000135
0.000200	0.000267
0.000225	0.000201
0.000250	0.000151
0.000275	0.000114
0.000300	0.000089
0.000325	0.000072
0.000350	0.000182
0.000375	0.000137
0.000400	0.000269
0.000425	0.000203
0.000450	0.000152
0.000475	0.000115
0.000500	0.000089
0.000525	0.000206
0.000550	0.000358
0.000575	0.000274
0.000600	0.000207
0.000625	0.000358
0.000650	0.000542
0.000675	0.000428
0.000700	0.000624
0.000725	0.000497
0.000750	0.000390
0.000775	0.000300
0.000800	0.000228
0.000825	0.000384
0.000850	0.000296
0.000875	0.000224
0.000900	0.000380
0.000925	0.000292
0.000950	0.000221
0.000975	0.000376
0.001000	0.000289
0.001025	0.000219
0.001050	0.000164
0.001075	0.000124
0.001100	0.000252
0.001125	0.000415
0.001150	0.000609
0.001175	0.000833
0.001200	0.001087
0.001225	0.001370
0.001250	0.001158
0.001275	0.001449
0.001300	0.001768
0.001325	0.001520
0.001350	0.001295
0.001375	0.001599
0.001400	0.001932
0.001425	0.002292
0.001450	0.002004
0.001475	0.002370
0.001500	0.002764
0.001525	0.003185
0.001550	0.003633
0.001575	0.003258
0.001600	0.003711
0.001625	0.003331
0.001650	0.003788
0.001675	0.004272
0.001700	0.004784
0.001725	0.004346
0.001750	0.003931
0.001775	0.004423
0.001800	0.004942
0.001825	0.004496
0.001850	0.004073
0.001875	0.003673
0.001900	0.003295
0.001925	0.003750
0.001950	0.004232
0.001975	0.003823
0.002000	0.004310
0.002025	0.004823
0.002050	0.005363
0.002075	0.005929
0.002100	0.005436
0.002125	0.004966
0.002150	0.005514
0.002175	0.006087
0.002200	0.005587
0.002225	0.005110
0.002250	0.005664
0.002275	0.005184
0.002300	0.004726
0.002325	0.004291
0.002350	0.003879
0.002375	0.004368
0.002400	0.003952
0.002425	0.003558
0.002450	0.004029
0.002475	0.004527
0.002500	0.005052
0.002525	0.005603
0.002550	0.005125
0.002575	0.005680
0.002600	0.005199
0.002625	0.004741
0.002650	0.004305
0.002675	0.003892
0.002700	0.004382
0.002725	0.003965
0.002750	0.004459
0.002775	0.004980
0.002800	0.005528
0.002825	0.005054
0.002850	0.005605
0.002875	0.005128
0.002900	0.005683
0.002925	0.005201
0.002950	0.004743
0.002975	0.004307
0.003000	0.004820
0.003025	0.005359
0.003050	0.005926
0.003075	0.006519
0.003100	0.007138
0.003125	0.006593
0.003150	0.007215
0.003175	0.006667
0.003200	0.007292
0.003225	0.007944
0.003250	0.008622
0.003275	0.008019
0.003300	0.008700
0.003325	0.008093
0.003350	0.007510
0.003375	0.008171
0.003400	0.008857
0.003425	0.008245
0.003450	0.008935
0.003475	0.009651
0.003500	0.010393
0.003525	0.011160
0.003550	0.011954
0.003575	0.012773
0.003600	0.013618
0.003625	0.012850
0.003650	0.013697
0.003675	0.012927
0.003700	0.012179
0.003725	0.011454
0.003750	0.012257
0.003775	0.011530
0.003800	0.012336
0.003825	0.013167
0.003850	0.012413
0.003875	0.011681
0.003900	0.012491
0.003925	0.013327
0.003950	0.014189
0.003975	0.015077
0.004000	0.015990
0.004025	0.016929
0.004050	0.016069
0.004075	0.015232
0.004100	0.014417
0.004125	0.015312
0.004150	0.014495
0.004175	0.013701
0.004200	0.012930
0.004225	0.012183
0.004250	0.011458
0.004275	0.012261
0.004300	0.013090
0.004325	0.013945
0.004350	0.014825
0.004375	0.015732
0.004400	0.016663
0.004425	0.017620
0.004450	0.018603
0.004475	0.019611
0.004500	0.018683
0.004525	0.017778
0.004550	0.018765
0.004575	0.019777
0.004600	0.018846
0.004625	0.019860
0.004650	0.018926
0.004675	0.018015
0.004700	0.019008
0.004725	0.018095
0.004750	0.019090
0.004775	0.020111
0.004800	0.019171
0.004825	0.020193
0.004850	0.021241
0.004875	0.020275
0.004900	0.021325
0.004925	0.022400
0.004950	0.023500
0.004975	0.022483
0.005000	0.021489
0.005025	0.020517
0.005050	0.019568
0.005075	0.018641
0.005100	0.019650
0.005125	0.020685
0.005150	0.019731
0.005175	0.018801
0.005200	0.017893
0.005225	0.017008
0.005250	0.016146
0.005275	0.015306
0.005300	0.014490
0.005325	0.013696
0.005350	0.014569
0.005375	0.015468
0.005400	0.016392
0.005425	0.015546
0.005450	0.016473
0.005475	0.017425
0.005500	0.016552
0.005525	0.017506
0.005550	0.018486
0.005575	0.019491
0.005600	0.020521
0.005625	0.019572
0.005650	0.018645
0.005675	0.017741
0.005700	0.018727
0.005725	0.019738
0.005750	0.020774
0.005775	0.021836
0.005800	0.022923
0.005825	0.021919
0.005850	0.020938
0.005875	0.022003
0.005900	0.023094
0.005925	0.024211
0.005950	0.023178
0.005975	0.022169
0.006000	0.021181
0.006025	0.020217
0.006050	0.021265
0.006075	0.020298
0.006100	0.019354
0.006125	0.020381
0.006150	0.021433
0.006175	0.022511
0.006200	0.023614
0.006225	0.024742
0.006250	0.023698
0.006275	0.022677
0.006300	0.023784
0.006325	0.024916
0.006350	0.026073
0.006375	0.025001
0.006400	0.023952
0.006425	0.022926
0.006450	0.021921
0.006475	0.023011
0.006500	0.024125
0.006525	0.023094
0.006550	0.024211
0.006575	0.023178
0.006600	0.024297
0.006625	0.023263
0.006650	0.024383
0.006675	0.025528
0.006700	0.026698
0.006725	0.025614
0.006750	0.024552
0.006775	0.025701
0.006800	0.024638
0.006825	0.023596
0.006850	0.024724
0.006875	0.025877
0.006900	0.027055
0.006925	0.028258
0.006950	0.027142
0.006975	0.028347
0.007000	0.029577
0.007025	0.030832
0.007050	0.032112
0.007075	0.033417
0.007100	0.034747
0.007125	0.033512
0.007150	0.032299
0.007175	0.033607
0.007200	0.032392
0.007225	0.033703
0.007250	0.032486
0.007275	0.031291
0.007300	0.030118
0.007325	0.028966
0.007350	0.030209
0.007375	0.029056
0.007400	0.030301
0.007425	0.029146
0.007450	0.028013
0.007475	0.029236
0.007500	0.030485
0.007525	0.029326
0.007550	0.030576
0.007575	0.031851
0.007600	0.030668
0.007625	0.029506
0.007650	0.030760
0.007675	0.032039
0.007700	0.030852
0.007725	0.032132
0.007750	0.033437
0.007775	0.034768
0.007800	0.036123
0.007825	0.034864
0.007850	0.033627
0.007875	0.032411
0.007900	0.033722
0.007925	0.035058
0.007950	0.033817
0.007975	0.035155
0.008000	0.036517
0.008025	0.037904
0.008050	0.039316
0.008075	0.038005
0.008100	0.039419
0.008125	0.038105
0.008150	0.039521
0.008175	0.038206
0.008200	0.036912
0.008225	0.038307
0.008250	0.039726
0.008275	0.041170
0.008300	0.039829
0.008325	0.038509
0.008350	0.037210
0.008375	0.038610
0.008400	0.040034
0.008425	0.038711
0.008450	0.037409
0.008475	0.038813
0.008500	0.037509
0.008525	0.038914
0.008550	0.040344
0.008575	0.039016
0.008600	0.037709
0.008625	0.039118
0.008650	0.040551
0.008675	0.042009
0.008700	0.040655
0.008725	0.039322
0.008750	0.038010
0.008775	0.036720
0.008800	0.035451
0.008825	0.034204
0.008850	0.032978
0.008875	0.031774
0.008900	0.030592
0.008925	0.029432
0.008950	0.028294
0.008975	0.027178
0.009000	0.026084
0.009025	0.025012
0.009050	0.026171
0.009075	0.025098
0.009100	0.026259
0.009125	0.025184
0.009150	0.024131
0.009175	0.025271
0.009200	0.026435
0.009225	0.027625
0.009250	0.028840
0.009275	0.030081
0.009300	0.028930
0.009325	0.027802
0.009350	0.026695
0.009375	0.025611
0.009400	0.026783
0.009425	0.027981
0.009450	0.026871
0.009475	0.028070
0.009500	0.026958
0.009525	0.028160
0.009550	0.029386
0.009575	0.028248
0.009600	0.027133
0.009625	0.026040
0.009650	0.024970
0.009675	0.023921
0.009700	0.025056
0.009725	0.026216
0.009750	0.025142
0.009775	0.024090
0.009800	0.023060
0.009825	0.022053
0.009850	0.021068
0.009875	0.020106
0.009900	0.019167
0.009925	0.018250
0.009950	0.017356
0.009975	0.016485
0.010000	0.017437
0.010025	0.016564
0.010050	0.017518
0.010075	0.018498
0.010100	0.019503
0.010125	0.020534
0.010150	0.019584
0.010175	0.020617
0.010200	0.021675
0.010225	0.020699
0.010250	0.021759
0.010275	0.022844
0.010300	0.023955
0.010325	0.022928
0.010350	0.024041
0.010375	0.025178
0.010400	0.024125
0.010425	0.023095
0.010450	0.022087
0.010475	0.023180
0.010500	0.024298
0.010525	0.025442
0.010550	0.026610
0.010575	0.025528
0.010600	0.024468
0.010625	0.025615
0.010650	0.026787
0.010675	0.027985
0.010700	0.029207
0.010725	0.028073
0.010750	0.029298
0.010775	0.030547
0.010800	0.029388
0.010825	0.028251
0.010850	0.029479
0.010875	0.028340
0.010900	0.029569
0.010925	0.030824
0.010950	0.029660
0.010975	0.030916
0.011000	0.032198
0.011025	0.033505
0.011050	0.032291
0.011075	0.031100
0.011100	0.032385
0.011125	0.033695
0.011150	0.035031
0.011175	0.036391
0.011200	0.037776
0.011225	0.039185
0.011250	0.037876
0.011275	0.039287
0.011300	0.040724
0.011325	0.039390
0.011350	0.040828
0.011375	0.039492
0.011400	0.040932
0.011425	0.042396
0.011450	0.041036
0.011475	0.039697
0.011500	0.038380
0.011525	0.039800
0.011550	0.038481
0.011575	0.039903
0.011600	0.041350
0.011625	0.040006
0.011650	0.038683
0.011675	0.037382
0.011700	0.038784
0.011725	0.040212
0.011750	0.038886
0.011775	0.040315
0.011800	0.041769
0.011825	0.040419
0.011850	0.039090
0.011875	0.037782
0.011900	0.036495
0.011925	0.035230
0.011950	0.036594
0.011975	0.037982
0.012000	0.036692
0.012025	0.038083
0.012050	0.039498
0.012075	0.040938
0.012100	0.042403
0.012125	0.043892
0.012150	0.042509
0.012175	0.041147
0.012200	0.039807
0.012225	0.038487
0.012250	0.037189
0.012275	0.035912
0.012300	0.034657
0.012325	0.033423
0.012350	0.034753
0.012375	0.033518
0.012400	0.032305
0.012425	0.031113
0.012450	0.029943
0.012475	0.028795
0.012500	0.030034
0.012525	0.028885
0.012550	0.030126
0.012575	0.031392
0.012600	0.030217
0.012625	0.029064
0.012650	0.030308
0.012675	0.031578
0.012700	0.030399
0.012725	0.031671
0.012750	0.030491
0.012775	0.031764
0.012800	0.033062
0.012825	0.031857
0.012850	0.030673
0.012875	0.031950
0.012900	0.033252
0.012925	0.032043
0.012950	0.030856
0.012975	0.029691
0.013000	0.028548
0.013025	0.027427
0.013050	0.028638
0.013075	0.029874
0.013100	0.028727
0.013125	0.029965
0.013150	0.028817
0.013175	0.030056
0.013200	0.028906
0.013225	0.030148
0.013250	0.028996
0.013275	0.030239
0.013300	0.031508
0.013325	0.030330
0.013350	0.031600
0.013375	0.030422
0.013400	0.031693
0.013425	0.032990
0.013450	0.031786
0.013475	0.030604
0.013500	0.031879
0.013525	0.030695
0.013550	0.031973
0.013575	0.033275
0.013600	0.032066
0.013625	0.030878
0.013650	0.029713
0.013675	0.028569
0.013700	0.027448
0.013725	0.026349
0.013750	0.027537
0.013775	0.028750
0.013800	0.029988
0.013825	0.028840
0.013850	0.030080
0.013875	0.028929
0.013900	0.030171
0.013925	0.029019
0.013950	0.030263
0.013975	0.031531
0.014000	0.032825
0.014025	0.034144
0.014050	0.035487
0.014075	0.034239
0.014100	0.035585
0.014125	0.036955
0.014150	0.038350
0.014175	0.037054
0.014200	0.038451
0.014225	0.039873
0.014250	0.038552
0.014275	0.039976
0.014300	0.038653
0.014325	0.040079
0.014350	0.041529
0.014375	0.040182
0.014400	0.041634
0.014425	0.043110
0.014450	0.044611
0.014475	0.043218
0.014500	0.041845
0.014525	0.040493
0.014550	0.041951
0.014575	0.043432
0.014600	0.044939
0.014625	0.046470
0.014650	0.048026
0.014675	0.046583
0.014700	0.045160
0.014725	0.043758
0.014750	0.045270
0.014775	0.046807
0.014800	0.048368
0.014825	0.046920
0.014850	0.048483
0.014875	0.047033
0.014900	0.045604
0.014925	0.044195
0.014950	0.042808
0.014975	0.044304
0.015000	0.042915
0.015025	0.044413
0.015050	0.045936
0.015075	0.044522
0.015100	0.043130
0.015125	0.041759
0.015150	0.043237
0.015175	0.044741
0.015200	0.043345
0.015225	0.044850
0.015250	0.043453
0.015275	0.042076
0.015300	0.040721
0.015325	0.042182
0.015350	0.040825
0.015375	0.042288
0.015400	0.040930
0.015425	0.039592
0.015450	0.041034
0.015475	0.039695
0.015500	0.041138
0.015525	0.042607
0.015550	0.044099
0.015575	0.045617
0.015600	0.044208
0.015625	0.042821
0.015650	0.041454
0.015675	0.040109
0.015700	0.041559
0.015725	0.043034
0.015750	0.041664
0.015775	0.040316
0.015800	0.041770
0.015825	0.040419
0.015850	0.039090
0.015875	0.037782
0.015900	0.039192
0.015925	0.037882
0.015950	0.036594
0.015975	0.035327
0.016000	0.036693
0.016025	0.038083
0.016050	0.036791
0.016075	0.038184
0.016100	0.036890
0.016125	0.038284
0.016150	0.036989
0.016175	0.035716
0.016200	0.034464
0.016225	0.033234
0.016250	0.032025
0.016275	0.030839
0.016300	0.032119
0.016325	0.033424
0.016350	0.032212
0.016375	0.031022
0.016400	0.029854
0.016425	0.028708
0.016450	0.029945
0.016475	0.028797
0.016500	0.030036
0.016525	0.028887
0.016550	0.027759
0.016575	0.026654
0.016600	0.027848
0.016625	0.026741
0.016650	0.025656
0.016675	0.024593
0.016700	0.025743
0.016725	0.024679
0.016750	0.025830
0.016775	0.027007
0.016800	0.025917
0.016825	0.027096
0.016850	0.028300
0.016875	0.027184
0.016900	0.028389
0.016925	0.029620
0.016950	0.028479
0.016975	0.029711
0.017000	0.028568
0.017025	0.027446
0.017050	0.026347
0.017075	0.027535
0.017100	0.026434
0.017125	0.027624
0.017150	0.028839
0.017175	0.027712
0.017200	0.026608
0.017225	0.027802
0.017250	0.029020
0.017275	0.027890
0.017300	0.026782
0.017325	0.025696
0.017350	0.024633
0.017375	0.023591
0.017400	0.022572
0.017425	0.023677
0.017450	0.024806
0.017475	0.025961
0.017500	0.027141
0.017525	0.026048
0.017550	0.027229
0.017575	0.026134
0.017600	0.027318
0.017625	0.026221
0.017650	0.025147
0.017675	0.024095
0.017700	0.023065
0.017725	0.024180
0.017750	0.023149
0.017775	0.022140
0.017800	0.021153
0.017825	0.022224
0.017850	0.021235
0.017875	0.020269
0.017900	0.019326
0.017925	0.018405
0.017950	0.017507
0.017975	0.018487
0.018000	0.019492
0.018025	0.020523
0.018050	0.019573
0.018075	0.018647
0.018100	0.017743
0.018125	0.018728
0.018150	0.017822
0.018175	0.018810
0.018200	0.019823
0.018225	0.018891
0.018250	0.019906
0.018275	0.018971
0.018300	0.019989
0.018325	0.019052
0.018350	0.018138
0.018375	0.017247
0.018400	0.018220
0.018425	0.019218
0.018450	0.018300
0.018475	0.017404
0.018500	0.018381
0.018525	0.017484
0.018550	0.016609
0.018575	0.017565
0.018600	0.018546
0.018625	0.017645
0.018650	0.018628
0.018675	0.017724
0.018700	0.018710
0.018725	0.017804
0.018750	0.016921
0.018775	0.016062
0.018800	0.015224
0.018825	0.016142
0.018850	0.015303
0.018875	0.014486
0.018900	0.013693
0.018925	0.012922
0.018950	0.013772
0.018975	0.014647
0.019000	0.015548
0.019025	0.016475
0.019050	0.017427
0.019075	0.016554
0.019100	0.015703
0.019125	0.016634
0.019150	0.015782
0.019175	0.014952
0.019200	0.014146
0.019225	0.013362
0.019250	0.014225
0.019275	0.015114
0.019300	0.014302
0.019325	0.015193
0.019350	0.016110
0.019375	0.015272
0.019400	0.016190
0.019425	0.015350
0.019450	0.014532
0.019475	0.013737
0.019500	0.012965
0.019525	0.013816
0.019550	0.013042
0.019575	0.013896
0.019600	0.013119
0.019625	0.013975
0.019650	0.013196
0.019675	0.014054
0.019700	0.013273
0.019725	0.014133
0.019750	0.013350
0.019775	0.012590
0.019800	0.011852
0.019825	0.012668
0.019850	0.013510
0.019875	0.012745
0.019900	0.012003
0.019925	0.011284
0.019950	0.010588
0.019975	0.009914
0.020000	0.010666
0.020025	0.009990
0.020050	0.010744
0.020075	0.011523
0.020100	0.010819
0.020125	0.011602
0.020150	0.012410
0.020175	0.013243
0.020200	0.014103
0.020225	0.014988
0.020250	0.014180
0.020275	0.015068
0.020300	0.015981
0.020325	0.016919
0.020350	0.017883
0.020375	0.016998
0.020400	0.016136
0.020425	0.017079
0.020450	0.016215
0.020475	0.015374
0.020500	0.016295
0.020525	0.017243
0.020550	0.016374
0.020575	0.015529
0.020600	0.014706
0.020625	0.013906
0.020650	0.013130
0.020675	0.012376
0.020700	0.013209
0.020725	0.014067
0.020750	0.014951
0.020775	0.015861
0.020800	0.016796
0.020825	0.017757
0.020850	0.018743
0.020875	0.019754
0.020900	0.018823
0.020925	0.017915
0.020950	0.017029
0.020975	0.017996
0.021000	0.017109
0.021025	0.016244
0.021050	0.015402
0.021075	0.016324
0.021100	0.017272
0.021125	0.016403
0.021150	0.015557
0.021175	0.016483
0.021200	0.015635
0.021225	0.014809
0.021250	0.015715
0.021275	0.016646
0.021300	0.015794
0.021325	0.016727
0.021350	0.017686
0.021375	0.016806
0.021400	0.015949
0.021425	0.016887
0.021450	0.016028
0.021475	0.016967
0.021500	0.017933
0.021525	0.018923
0.021550	0.019940
0.021575	0.019004
0.021600	0.020022
0.021625	0.019085
0.021650	0.020105
0.021675	0.019166
0.021700	0.018249
0.021725	0.017355
0.021750	0.018330
0.021775	0.017434
0.021800	0.018412
0.021825	0.019415
0.021850	0.018492
0.021875	0.019497
0.021900	0.020528
0.021925	0.019578
0.021950	0.020611
0.021975	0.019660
0.022000	0.018731
0.022025	0.019742
0.022050	0.020779
0.022075	0.021841
0.022100	0.022928
0.022125	0.021924
0.022150	0.023013
0.022175	0.022007
0.022200	0.021023
0.022225	0.022091
0.022250	0.023184
0.022275	0.024302
0.022300	0.025446
0.022325	0.026614
0.022350	0.025532
0.022375	0.026702
0.022400	0.025618
0.022425	0.024556
0.022450	0.023516
0.022475	0.022499
0.022500	0.023602
0.022525	0.022583
0.022550	0.023687
0.022575	0.022666
0.022600	0.021668
0.022625	0.022751
0.022650	0.021751
0.022675	0.022836
0.022700	0.021834
0.022725	0.020854
0.022750	0.021918
0.022775	0.020936
0.022800	0.022002
0.022825	0.021018
0.022850	0.022086
0.022875	0.021100
0.022900	0.020138
0.022925	0.019197
0.022950	0.018280
0.022975	0.017385
0.023000	0.016513
0.023025	0.015664
0.023050	0.016594
0.023075	0.015742
0.023100	0.016674
0.023125	0.015821
0.023150	0.014990
0.023175	0.015901
0.023200	0.015068
0.023225	0.014258
0.023250	0.015148
0.023275	0.014336
0.023300	0.015228
0.023325	0.014413
0.023350	0.015308
0.023375	0.016227
0.023400	0.017173
0.023425	0.018143
0.023450	0.019140
0.023475	0.020161
0.023500	0.021208
0.023525	0.022280
0.023550	0.023378
0.023575	0.024500
0.023600	0.023462
0.023625	0.024587
0.023650	0.025736
0.023675	0.024672
0.023700	0.023630
0.023725	0.022610
0.023750	0.021613
0.023775	0.022695
0.023800	0.023802
0.023825	0.024934
0.023850	0.023887
0.023875	0.025021
0.023900	0.026180
0.023925	0.027365
0.023950	0.028574
0.023975	0.027453
0.024000	0.028664
0.024025	0.029901
0.024050	0.028754
0.024075	0.029992
0.024100	0.028843
0.024125	0.030083
0.024150	0.031348
0.024175	0.030174
0.024200	0.031441
0.024225	0.032733
0.024250	0.031534
0.024275	0.032827
0.024300	0.031626
0.024325	0.030447
0.024350	0.029289
0.024375	0.030539
0.024400	0.029380
0.024425	0.030631
0.024450	0.031907
0.024475	0.030722
0.024500	0.029560
0.024525	0.030814
0.024550	0.032094
0.024575	0.033399
0.024600	0.032187
0.024625	0.033494
0.024650	0.032280
0.024675	0.031089
0.024700	0.029920
0.024725	0.028772
0.024750	0.030011
0.024775	0.031275
0.024800	0.030102
0.024825	0.028951
0.024850	0.030193
0.024875	0.029041
0.024900	0.027910
0.024925	0.026802
0.024950	0.025715
0.024975	0.026890
0.025000	0.028089
0.025025	0.026977
0.025050	0.028179
0.025075	0.029405
0.025100	0.030657
0.025125	0.031934
0.025150	0.033235
0.025175	0.032027
0.025200	0.033330
0.025225	0.034658
0.025250	0.036011
0.025275	0.034754
0.025300	0.036109
0.025325	0.037489
0.025350	0.038894
0.025375	0.040323
0.025400	0.041778
0.025425	0.043257
0.025450	0.041883
0.025475	0.040531
0.025500	0.041989
0.025525	0.040635
0.025550	0.042094
0.025575	0.043579
0.025600	0.045088
0.025625	0.043687
0.025650	0.042307
0.025675	0.043795
0.025700	0.042414
0.025725	0.041053
0.025750	0.039714
0.025775	0.041158
0.025800	0.039817
0.025825	0.038497
0.025850	0.039919
0.025875	0.038598
0.025900	0.037298
0.025925	0.038699
0.025950	0.040125
0.025975	0.038801
0.026000	0.037497
0.026025	0.036216
0.026050	0.037597
0.026075	0.036314
0.026100	0.035052
0.026125	0.036412
0.026150	0.037798
0.026175	0.039208
0.026200	0.040643
0.026225	0.042102
0.026250	0.040747
0.026275	0.042208
0.026300	0.043694
0.026325	0.045205
0.026350	0.043803
0.026375	0.042421
0.026400	0.043911
0.026425	0.042528
0.026450	0.041166
0.026475	0.039824
0.026500	0.041270
0.026525	0.042740
0.026550	0.044236
0.026575	0.045755
0.026600	0.047300
0.026625	0.045867
0.026650	0.047413
0.026675	0.048984
0.026700	0.047527
0.026725	0.049100
0.026750	0.050697
0.026775	0.049216
0.026800	0.050815
0.026825	0.052439
0.026850	0.050934
0.026875	0.049450
0.026900	0.047987
0.026925	0.049567
0.026950	0.051171
0.026975	0.049684
0.027000	0.048217
0.027025	0.049801
0.027050	0.051409
0.027075	0.049918
0.027100	0.051528
0.027125	0.050036
0.027150	0.048564
0.027175	0.047113
0.027200	0.045683
0.027225	0.044273
0.027250	0.045794
0.027275	0.044383
0.027300	0.045905
0.027325	0.047452
0.027350	0.049023
0.027375	0.047566
0.027400	0.046129
0.027425	0.047679
0.027450	0.046241
0.027475	0.044823
0.027500	0.043426
0.027525	0.044933
0.027550	0.043534
0.027575	0.045042
0.027600	0.043642
0.027625	0.042263
0.027650	0.043750
0.027675	0.042369
0.027700	0.041010
0.027725	0.039671
0.027750	0.038354
0.027775	0.039774
0.027800	0.041219
0.027825	0.039877
0.027850	0.041323
0.027875	0.039980
0.027900	0.041428
0.027925	0.042901
0.027950	0.041533
0.027975	0.043008
0.028000	0.044508
0.028025	0.043115
0.028050	0.044617
0.028075	0.043223
0.028100	0.041850
0.028125	0.043330
0.028150	0.041956
0.028175	0.043438
0.028200	0.042062
0.028225	0.043546
0.028250	0.042168
0.028275	0.040811
0.028300	0.039476
0.028325	0.040915
0.028350	0.039578
0.028375	0.041020
0.028400	0.039681
0.028425	0.041124
0.028450	0.039784
0.028475	0.041228
0.028500	0.039886
0.028525	0.038566
0.028550	0.039989
0.028575	0.041438
0.028600	0.042911
0.028625	0.041543
0.028650	0.040196
0.028675	0.038870
0.028700	0.040299
0.028725	0.041753
0.028750	0.043232
0.028775	0.041859
0.028800	0.043339
0.028825	0.044844
0.028850	0.043447
0.028875	0.042071
0.028900	0.040716
0.028925	0.042177
0.028950	0.043662
0.028975	0.045173
0.029000	0.046708
0.029025	0.048267
0.029050	0.049852
0.029075	0.048383
0.029100	0.049969
0.029125	0.051579
0.029150	0.050086
0.029175	0.048614
0.029200	0.050204
0.029225	0.051818
0.029250	0.053457
0.029275	0.055120
0.029300	0.056808
0.029325	0.058520
0.029350	0.056937
0.029375	0.058651
0.029400	0.057066
0.029425	0.058782
0.029450	0.060522
0.029475	0.062286
0.029500	0.060657
0.029525	0.062423
0.029550	0.064214
0.029575	0.066029
0.029600	0.067868
0.029625	0.069731
0.029650	0.071618
0.029675	0.069882
0.029700	0.068166
0.029725	0.070033
0.029750	0.071924
0.029775	0.070185
0.029800	0.072078
0.029825	0.073995
0.029850	0.075936
0.029875	0.077901
0.029900	0.079890
0.029925	0.078068
0.029950	0.080059
0.029975	0.078235
0.030000	0.080228
0.030025	0.078403
0.030050	0.076596
0.030075	0.078569
0.030100	0.076760
0.030125	0.078735
0.030150	0.076925
0.030175	0.075133
0.030200	0.073360
0.030225	0.075293
0.030250	0.077250
0.030275	0.079231
0.030300	0.077416
0.030325	0.075619
0.030350	0.077580
0.030375	0.079565
0.030400	0.077747
0.030425	0.079733
0.030450	0.077913
0.030475	0.079902
0.030500	0.081915
0.030525	0.080073
0.030550	0.082087
0.030575	0.080244
0.030600	0.082260
0.030625	0.080415
0.030650	0.078588
0.030675	0.080585
0.030700	0.078756
0.030725	0.080755
0.030750	0.078925
0.030775	0.080926
0.030800	0.082950
0.030825	0.084999
0.030850	0.087071
0.030875	0.089166
0.030900	0.091285
0.030925	0.093428
0.030950	0.091478
0.030975	0.093622
0.031000	0.091670
0.031025	0.093817
0.031050	0.095987
0.031075	0.094014
0.031100	0.092059
0.031125	0.094210
0.031150	0.096384
0.031175	0.094408
0.031200	0.092449
0.031225	0.094605
0.031250	0.092644
0.031275	0.090701
0.031300	0.092837
0.031325	0.094996
0.031350	0.097179
0.031375	0.099385
0.031400	0.097383
0.031425	0.099591
0.031450	0.101822
0.031475	0.099799
0.031500	0.102033
0.031525	0.104289
0.031550	0.106568
0.031575	0.108870
0.031600	0.111195
0.031625	0.113542
0.031650	0.115912
0.031675	0.113778
0.031700	0.111659
0.031725	0.114011
0.031750	0.116386
0.031775	0.118783
0.031800	0.116626
0.031825	0.114486
0.031850	0.116865
0.031875	0.114723
0.031900	0.112598
0.031925	0.114959
0.031950	0.117342
0.031975	0.115197
0.032000	0.113067
0.032025	0.110954
0.032050	0.113299
0.032075	0.111185
0.032100	0.113532
0.032125	0.111415
0.032150	0.113765
0.032175	0.111647
0.032200	0.113998
0.032225	0.116373
0.032250	0.114235
0.032275	0.112113
0.032300	0.110007
0.032325	0.107918
0.032350	0.110233
0.032375	0.108142
0.032400	0.110460
0.032425	0.112800
0.032450	0.115163
0.032475	0.117549
0.032500	0.115402
0.032525	0.113271
0.032550	0.115638
0.032575	0.118028
0.032600	0.120440
0.032625	0.118272
0.032650	0.116120
0.032675	0.118514
0.032700	0.120931
0.032725	0.118759
0.032750	0.116603
0.032775	0.114463
0.032800	0.112339
0.032825	0.114698
0.032850	0.117079
0.032875	0.114935
0.032900	0.112808
0.032925	0.110697
0.032950	0.113040
0.032975	0.110927
0.033000	0.113272
0.033025	0.115639
0.033050	0.118029
0.033075	0.120441
0.033100	0.122876
0.033125	0.125332
0.033150	0.123129
0.033175	0.125588
0.033200	0.128069
0.033225	0.130572
0.033250	0.128332
0.033275	0.130837
0.033300	0.128595
0.033325	0.126368
0.033350	0.124157
0.033375	0.126626
0.033400	0.129116
0.033425	0.131628
0.033450	0.129381
0.033475	0.127149
0.033500	0.124932
0.033525	0.127407
0.033550	0.129905
0.033575	0.127669
0.033600	0.130168
0.033625	0.127931
0.033650	0.130433
0.033675	0.132956
0.033700	0.130700
0.033725	0.128459
0.033750	0.130965
0.033775	0.133494
0.033800	0.136043
0.033825	0.133766
0.033850	0.131505
0.033875	0.134038
0.033900	0.131774
0.033925	0.134309
0.033950	0.132044
0.033975	0.134581
0.034000	0.137140
0.034025	0.134856
0.034050	0.137417
0.034075	0.135131
0.034100	0.132861
0.034125	0.130605
0.034150	0.128364
0.034175	0.126140
0.034200	0.123930
0.034225	0.126396
0.034250	0.124185
0.034275	0.126654
0.034300	0.124441
0.034325	0.122243
0.034350	0.124694
0.034375	0.122495
0.034400	0.124949
0.034425	0.127424
0.034450	0.129921
0.034475	0.132440
0.034500	0.134981
0.034525	0.137544
0.034550	0.135257
0.034575	0.137822
0.034600	0.140408
0.034625	0.138103
0.034650	0.140691
0.034675	0.143301
0.034700	0.145933
0.034725	0.143592
0.034750	0.141266
0.034775	0.143881
0.034800	0.141554
0.034825	0.144171
0.034850	0.146809
0.034875	0.144463
0.034900	0.142132
0.034925	0.144754
0.034950	0.142421
0.034975	0.145045
0.035000	0.147690
0.035025	0.145339
0.035050	0.143002
0.035075	0.140680
0.035100	0.143290
0.035125	0.145921
0.035150	0.143581
0.035175	0.146215
0.035200	0.148869
0.035225	0.151545
0.035250	0.149170
0.035275	0.151848
0.035300	0.154547
0.035325	0.157266
0.035350	0.160006
0.035375	0.162767
0.035400	0.165548
0.035425	0.168349
0.035450	0.171169
0.035475	0.168683
0.035500	0.171507
0.035525	0.169019
0.035550	0.166545
0.035575	0.169353
0.035600	0.172181
0.035625	0.169689
0.035650	0.167211
0.035675	0.164747
0.035700	0.162296
0.035725	0.159859
0.035750	0.157435
0.035775	0.155026
0.035800	0.152631
0.035825	0.155335
0.035850	0.158061
0.035875	0.155648
0.035900	0.153249
0.035925	0.155958
0.035950	0.158688
0.035975	0.161439
0.036000	0.164210
0.036025	0.167001
0.036050	0.164538
0.036075	0.162088
0.036100	0.164864
0.036125	0.162412
0.036150	0.159975
0.036175	0.157551
0.036200	0.160293
0.036225	0.157867
0.036250	0.155455
0.036275	0.158181
0.036300	0.155768
0.036325	0.158496
0.036350	0.156081
0.036375	0.153679
0.036400	0.151292
0.036425	0.153986
0.036450	0.156701
0.036475	0.154296
0.036500	0.151905
0.036525	0.149528
0.036550	0.152209
0.036575	0.149831
0.036600	0.152514
0.036625	0.155218
0.036650	0.157942
0.036675	0.155530
0.036700	0.158257
0.036725	0.161004
0.036750	0.163772
0.036775	0.166560
0.036800	0.169368
0.036825	0.166892
0.036850	0.169703
0.036875	0.167224
0.036900	0.164760
0.036925	0.162309
0.036950	0.165086
0.036975	0.167884
0.037000	0.165416
0.037025	0.162961
0.037050	0.165743
0.037075	0.168545
0.037100	0.171368
0.037125	0.174210
0.037150	0.171708
0.037175	0.169219
0.037200	0.166744
0.037225	0.164282
0.037250	0.167073
0.037275	0.164610
0.037300	0.167404
0.037325	0.170218
0.037350	0.167737
0.037375	0.170554
0.037400	0.173390
0.037425	0.176246
0.037450	0.179122
0.037475	0.182017
0.037500	0.179475
0.037525	0.182373
0.037550	0.185290
0.037575	0.188226
0.037600	0.185653
0.037625	0.188591
0.037650	0.186016
0.037675	0.188957
0.037700	0.191917
0.037725	0.194895
0.037750	0.197893
0.037775	0.200908
0.037800	0.203942
0.037825	0.201296
0.037850	0.204332
0.037875	0.201684
0.037900	0.204723
0.037925	0.207780
0.037950	0.210854
0.037975	0.213947
0.038000	0.217057
0.038025	0.220184
0.038050	0.217469
0.038075	0.220598
0.038100	0.223745
0.038125	0.226909
0.038150	0.230090
0.038175	0.233288
0.038200	0.230521
0.038225	0.227764
0.038250	0.225019
0.038275	0.222284
0.038300	0.219560
0.038325	0.216847
0.038350	0.214146
0.038375	0.217257
0.038400	0.220385
0.038425	0.217669
0.038450	0.220800
0.038475	0.218082
0.038500	0.215375
0.038525	0.212680
0.038550	0.215782
0.038575	0.213085
0.038600	0.210399
0.038625	0.213489
0.038650	0.216596
0.038675	0.213896
0.038700	0.217005
0.038725	0.220133
0.038750	0.223277
0.038775	0.226438
0.038800	0.223698
0.038825	0.226862
0.038850	0.224120
0.038875	0.227286
0.038900	0.230468
0.038925	0.233668
0.038950	0.236884
0.038975	0.240116
0.039000	0.243365
0.039025	0.246629
0.039050	0.243814
0.039075	0.247080
0.039100	0.244263
0.039125	0.247532
0.039150	0.244713
0.039175	0.241904
0.039200	0.239105
0.039225	0.236317
0.039250	0.233538
0.039275	0.236754
0.039300	0.233974
0.039325	0.237191
0.039350	0.240425
0.039375	0.243675
0.039400	0.246941
0.039425	0.244124
0.039450	0.241318
0.039475	0.244572
0.039500	0.247842
0.039525	0.245022
0.039550	0.248295
0.039575	0.251583
0.039600	0.254887
0.039625	0.258206
0.039650	0.261540
0.039675	0.258674
0.039700	0.255817
0.039725	0.252970
0.039750	0.250132
0.039775	0.253429
0.039800	0.256741
0.039825	0.253891
0.039850	0.251050
0.039875	0.248219
0.039900	0.245397
0.039925	0.248672
0.039950	0.245849
0.039975	0.243036
0.040000	0.246299
0.040025	0.249577
0.040050	0.252872
0.040075	0.256181
0.040100	0.253333
0.040125	0.250494
0.040150	0.253793
0.040175	0.250952
0.040200	0.254253
0.040225	0.257569
0.040250	0.260900
0.040275	0.264246
0.040300	0.267607
0.040325	0.264722
0.040350	0.261845
0.040375	0.265196
0.040400	0.268561
0.040425	0.265672
0.040450	0.269039
0.040475	0.272421
0.040500	0.275817
0.040525	0.279226
0.040550	0.282650
0.040575	0.286088
0.040600	0.289539
0.040625	0.293003
0.040650	0.290044
0.040675	0.287092
0.040700	0.284149
0.040725	0.287592
0.040750	0.284648
0.040775	0.288093
0.040800	0.291552
0.040825	0.288596
0.040850	0.292057
0.040875	0.295531
0.040900	0.299017
0.040925	0.296042
0.040950	0.299531
0.040975	0.303032
0.041000	0.306545
0.041025	0.303551
0.041050	0.300564
0.041075	0.297585
0.041100	0.294613
0.041125	0.298096
0.041150	0.295123
0.041175	0.292158
0.041200	0.289201
0.041225	0.292664
0.041250	0.289706
0.041275	0.286755
0.041300	0.283813
0.041325	0.280879
0.041350	0.277954
0.041375	0.281372
0.041400	0.284805
0.041425	0.281868
0.041450	0.278940
0.041475	0.276020
0.041500	0.279431
0.041525	0.282855
0.041550	0.286294
0.041575	0.289745
0.041600	0.286795
0.041625	0.283852
0.041650	0.280918
0.041675	0.284349
0.041700	0.281414
0.041725	0.278487
0.041750	0.281907
0.041775	0.285342
0.041800	0.288790
0.041825	0.285842
0.041850	0.289292
0.041875	0.292755
0.041900	0.296232
0.041925	0.293264
0.041950	0.296742
0.041975	0.293773
0.042000	0.290811
0.042025	0.287858
0.042050	0.291315
0.042075	0.288361
0.042100	0.285414
0.042125	0.282476
0.042150	0.285912
0.042175	0.289363
0.042200	0.292826
0.042225	0.289867
0.042250	0.286916
0.042275	0.283974
0.042300	0.287416
0.042325	0.290872
0.042350	0.294342
0.042375	0.291379
0.042400	0.288424
0.042425	0.285477
0.042450	0.288925
0.042475	0.285977
0.042500	0.283037
0.042525	0.286476
0.042550	0.289929
0.042575	0.286978
0.042600	0.284035
0.042625	0.287478
0.042650	0.290934
0.042675	0.287980
0.042700	0.285035
0.042725	0.282097
0.042750	0.285533
0.042775	0.288981
0.042800	0.286033
0.042825	0.289484
0.042850	0.286534
0.042875	0.289987
0.042900	0.287035
0.042925	0.290490
0.042950	0.293958
0.042975	0.290996
0.043000	0.294466
0.043025	0.291502
0.043050	0.288547
0.043075	0.292007
0.043100	0.295481
0.043125	0.292515
0.043150	0.289557
0.043175	0.293021
0.043200	0.296498
0.043225	0.293530
0.043250	0.290569
0.043275	0.287616
0.043300	0.291073
0.043325	0.288119
0.043350	0.285173
0.043375	0.288620
0.043400	0.292081
0.043425	0.295555
0.043450	0.299041
0.043475	0.302541
0.043500	0.306053
0.043525	0.309577
0.043550	0.306575
0.043575	0.310101
0.043600	0.313639
0.043625	0.317189
0.043650	0.314169
0.043675	0.311156
0.043700	0.314698
0.043725	0.318251
0.043750	0.321816
0.043775	0.325392
0.043800	0.322353
0.043825	0.319322
0.043850	0.316297
0.043875	0.313279
0.043900	0.316827
0.043925	0.320388
0.043950	0.323959
0.043975	0.327542
0.044000	0.324499
0.044025	0.321463
0.044050	0.318433
0.044075	0.321998
0.044100	0.318967
0.044125	0.315943
0.044150	0.319501
0.044175	0.323069
0.044200	0.326650
0.044225	0.323608
0.044250	0.320574
0.044275	0.317546
0.044300	0.321108
0.044325	0.324682
0.044350	0.328268
0.044375	0.331864
0.044400	0.328811
0.044425	0.332409
0.044450	0.336017
0.044475	0.339636
0.044500	0.343265
0.044525	0.346904
0.044550	0.343822
0.044575	0.340745
0.044600	0.337675
0.044625	0.334610
0.044650	0.338225
0.044675	0.341850
0.044700	0.338777
0.044725	0.335711
0.044750	0.339329
0.044775	0.336261
0.044800	0.339881
0.044825	0.343510
0.044850	0.340434
0.044875	0.337364
0.044900	0.334300
0.044925	0.337914
0.044950	0.341539
0.044975	0.345173
0.045000	0.342094
0.045025	0.345730
0.045050	0.349376
0.045075	0.346288
0.045100	0.349936
0.045125	0.353593
0.045150	0.350498
0.045175	0.354156
0.045200	0.351060
0.045225	0.354720
0.045250	0.351623
0.045275	0.348532
0.045300	0.352185
0.045325	0.349093
0.045350	0.352747
0.045375	0.356412
0.045400	0.360085
0.045425	0.356979
0.045450	0.360653
0.045475	0.357546
0.045500	0.361222
0.045525	0.364907
0.045550	0.361793
0.045575	0.365479
0.045600	0.362364
0.045625	0.366052
0.045650	0.362936
0.045675	0.366625
0.045700	0.363508
0.045725	0.367198
0.045750	0.370897
0.045775	0.374604
0.045800	0.378320
0.045825	0.382043
0.045850	0.385774
0.045875	0.389512
0.045900	0.386361
0.045925	0.390101
0.045950	0.393847
0.045975	0.390690
0.046000	0.387538
0.046025	0.384390
0.046050	0.388125
0.046075	0.391868
0.046100	0.388714
0.046125	0.385564
0.046150	0.382419
0.046175	0.379278
0.046200	0.383003
0.046225	0.379861
0.046250	0.383587
0.046275	0.387321
0.046300	0.391062
0.046325	0.394811
0.046350	0.398566
0.046375	0.402327
0.046400	0.399160
0.046425	0.402923
0.046450	0.406692
0.046475	0.410467
0.046500	0.407291
0.046525	0.411067
0.046550	0.414849
0.046575	0.411669
0.046600	0.408491
0.046625	0.405318
0.046650	0.409090
0.046675	0.405916
0.046700	0.402745
0.046725	0.406514
0.046750	0.403342
0.046775	0.407112
0.046800	0.410887
0.046825	0.407711
0.046850	0.411488
0.046875	0.415270
0.046900	0.412089
0.046925	0.415873
0.046950	0.412691
0.046975	0.416475
0.047000	0.413293
0.047025	0.410114
0.047050	0.413895
0.047075	0.417681
0.047100	0.421472
0.047125	0.418285
0.047150	0.415101
0.047175	0.418889
0.047200	0.415705
0.047225	0.419493
0.047250	0.423287
0.047275	0.427086
0.047300	0.430889
0.047325	0.427694
0.047350	0.424502
0.047375	0.428302
0.047400	0.432107
0.047425	0.428911
0.047450	0.425718
0.047475	0.429520
0.047500	0.426326
0.047525	0.423134
0.047550	0.419946
0.047575	0.416761
0.047600	0.413578
0.047625	0.417364
0.047650	0.421155
0.047675	0.424951
0.047700	0.428752
0.047725	0.425558
0.047750	0.422368
0.047775	0.426165
0.047800	0.422974
0.047825	0.419786
0.047850	0.416601
0.047875	0.413419
0.047900	0.410240
0.047925	0.407064
0.047950	0.410840
0.047975	0.407663
0.048000	0.404490
0.048025	0.408262
0.048050	0.405088
0.048075	0.401918
0.048100	0.398752
0.048125	0.395589
0.048150	0.399346
0.048175	0.396183
0.048200	0.393023
0.048225	0.389868
0.048250	0.386716
0.048275	0.383569
0.048300	0.380426
0.048325	0.384154
0.048350	0.387889
0.048375	0.391631
0.048400	0.395381
0.048425	0.399137
0.048450	0.402899
0.048475	0.406668
0.048500	0.403496
0.048525	0.407266
0.048550	0.404094
0.048575	0.407865
0.048600	0.404692
0.048625	0.401522
0.048650	0.405289
0.048675	0.409062
0.048700	0.405887
0.048725	0.409661
0.048750	0.413441
0.048775	0.410262
0.048800	0.414042
0.048825	0.410863
0.048850	0.414644
0.048875	0.418431
0.048900	0.422223
0.048925	0.426021
0.048950	0.429823
0.048975	0.426629
0.049000	0.430432
0.049025	0.434240
0.049050	0.438051
0.049075	0.434851
0.049100	0.438663
0.049125	0.435462
0.049150	0.432264
0.049175	0.436073
0.049200	0.432874
0.049225	0.429678
0.049250	0.426484
0.049275	0.423292
0.049300	0.420104
0.049325	0.416918
0.049350	0.420708
0.049375	0.417522
0.049400	0.421313
0.049425	0.425110
0.049450	0.421919
0.049475	0.425716
0.049500	0.429518
0.049525	0.433325
0.049550	0.437136
0.049575	0.440951
0.049600	0.437748
0.049625	0.441564
0.049650	0.438361
0.049675	0.435160
0.049700	0.431961
0.049725	0.435771
0.049750	0.439584
0.049775	0.436383
0.049800	0.433183
0.049825	0.436994
0.049850	0.433794
0.049875	0.437606
0.049900	0.434405
0.049925	0.431208
0.049950	0.435016
0.049975	0.431818
0.050000	0.428622
0.050025	0.425429
0.050050	0.429230
0.050075	0.433037
0.050100	0.436847
0.050125	0.440662
0.050150	0.437459
0.050175	0.441275
0.050200	0.445094
0.050225	0.448917
0.050250	0.452743
0.050275	0.449533
0.050300	0.446325
0.050325	0.450149
0.050350	0.446940
0.050375	0.443734
0.050400	0.447555
0.050425	0.444349
0.050450	0.448171
0.050475	0.451996
0.050500	0.448787
0.050525	0.445579
0.050550	0.442373
0.050575	0.439170
0.050600	0.435968
0.050625	0.432769
0.050650	0.436580
0.050675	0.433380
0.050700	0.430183
0.050725	0.426988
0.050750	0.430792
0.050775	0.434600
0.050800	0.431402
0.050825	0.435211
0.050850	0.432012
0.050875	0.428816
0.050900	0.432622
0.050925	0.429425
0.050950	0.433232
0.050975	0.430035
0.051000	0.433842
0.051025	0.437654
0.051050	0.434453
0.051075	0.431255
0.051100	0.428060
0.051125	0.431865
0.051150	0.428669
0.051175	0.425476
0.051200	0.429277
0.051225	0.433084
0.051250	0.436894
0.051275	0.440709
0.051300	0.444528
0.051325	0.448350
0.051350	0.445143
0.051375	0.448965
0.051400	0.445758
0.051425	0.449581
0.051450	0.453408
0.051475	0.457238
0.051500	0.454026
0.051525	0.450815
0.051550	0.454643
0.051575	0.451432
0.051600	0.455260
0.051625	0.459091
0.051650	0.462925
0.051675	0.459710
0.051700	0.456497
0.051725	0.453285
0.051750	0.450075
0.051775	0.446866
0.051800	0.443660
0.051825	0.440455
0.051850	0.437253
0.051875	0.441068
0.051900	0.444887
0.051925	0.441682
0.051950	0.438479
0.051975	0.442295
0.052000	0.439091
0.052025	0.442908
0.052050	0.439704
0.052075	0.443522
0.052100	0.447344
0.052125	0.451168
0.052150	0.454997
0.052175	0.451785
0.052200	0.455614
0.052225	0.459446
0.052250	0.456232
0.052275	0.460064
0.052300	0.463899
0.052325	0.467736
0.052350	0.464519
0.052375	0.461304
0.052400	0.465139
0.052425	0.468977
0.052450	0.465760
0.052475	0.469598
0.052500	0.466380
0.052525	0.470219
0.052550	0.474060
0.052575	0.470840
0.052600	0.474681
0.052625	0.471462
0.052650	0.468244
0.052675	0.472083
0.052700	0.475925
0.052725	0.479768
0.052750	0.483613
0.052775	0.480391
0.052800	0.484236
0.052825	0.481015
0.052850	0.477794
0.052875	0.481638
0.052900	0.478416
0.052925	0.482261
0.052950	0.486106
0.052975	0.489952
0.053000	0.486730
0.053025	0.483508
0.053050	0.480287
0.053075	0.477066
0.053100	0.473846
0.053125	0.470627
0.053150	0.474468
0.053175	0.471248
0.053200	0.475090
0.053225	0.478932
0.053250	0.475712
0.053275	0.472492
0.053300	0.469274
0.053325	0.473114
0.053350	0.469895
0.053375	0.473736
0.053400	0.470517
0.053425	0.474357
0.053450	0.478200
0.053475	0.482044
0.053500	0.478823
0.053525	0.482667
0.053550	0.486513
0.053575	0.483291
0.053600	0.487136
0.053625	0.490983
0.053650	0.494830
0.053675	0.498678
0.053700	0.502526
0.053725	0.506374
0.053750	0.510222
0.053775	0.507000
0.053800	0.510847
0.053825	0.507625
0.053850	0.504402
0.053875	0.508250
0.053900	0.512097
0.053925	0.508875
0.053950	0.505653
0.053975	0.509500
0.054000	0.506278
0.054025	0.503055
0.054050	0.499832
0.054075	0.496609
0.054100	0.493386
0.054125	0.490163
0.054150	0.494011
0.054175	0.497858
0.054200	0.501706
0.054225	0.498483
0.054250	0.502331
0.054275	0.506179
0.054300	0.502957
0.054325	0.506804
0.054350	0.503582
0.054375	0.507430
0.054400	0.504207
0.054425	0.500984
0.054450	0.504832
0.054475	0.508680
0.054500	0.512527
0.054525	0.516374
0.054550	0.520220
0.054575	0.516999
0.054600	0.513778
0.054625	0.510556
0.054650	0.514403
0.054675	0.511181
0.054700	0.515028
0.054725	0.518874
0.054750	0.522719
0.054775	0.526563
0.054800	0.523344
0.054825	0.520124
0.054850	0.523969
0.054875	0.527812
0.054900	0.531654
0.054925	0.528437
0.054950	0.525218
0.054975	0.521999
0.055000	0.518779
0.055025	0.522624
0.055050	0.519404
0.055075	0.523249
0.055100	0.520029
0.055125	0.516808
0.055150	0.520654
0.055175	0.524498
0.055200	0.521279
0.055225	0.518058
0.055250	0.521904
0.055275	0.525748
0.055300	0.522529
0.055325	0.526372
0.055350	0.523153
0.055375	0.519933
0.055400	0.523778
0.055425	0.527622
0.055450	0.531463
0.055475	0.535303
0.055500	0.532087
0.055525	0.535927
0.055550	0.539764
0.055575	0.543599
0.055600	0.547431
0.055625	0.544221
0.055650	0.541009
0.055675	0.537796
0.055700	0.534582
0.055725	0.538420
0.055750	0.542255
0.055775	0.546089
0.055800	0.549919
0.055825	0.553746
0.055850	0.557570
0.055875	0.561390
0.055900	0.565207
0.055925	0.562009
0.055950	0.565825
0.055975	0.562627
0.056000	0.566442
0.056025	0.570254
0.056050	0.567059
0.056075	0.563863
0.056100	0.560664
0.056125	0.564481
0.056150	0.561282
0.056175	0.565099
0.056200	0.561901
0.056225	0.565717
0.056250	0.562519
0.056275	0.559319
0.056300	0.556116
0.056325	0.552912
0.056350	0.556736
0.056375	0.553532
0.056400	0.550326
0.056425	0.554153
0.056450	0.550947
0.056475	0.547739
0.056500	0.544529
0.056525	0.548361
0.056550	0.552189
0.056575	0.556015
0.056600	0.559836
0.056625	0.556634
0.056650	0.560456
0.056675	0.564273
0.056700	0.561074
0.056725	0.564891
0.056750	0.561693
0.056775	0.565509
0.056800	0.562311
0.056825	0.559111
0.056850	0.555908
0.056875	0.552703
0.056900	0.556528
0.056925	0.553324
0.056950	0.557148
0.056975	0.560969
0.057000	0.564786
0.057025	0.568599
0.057050	0.565403
0.057075	0.562205
0.057100	0.566021
0.057125	0.562824
0.057150	0.559624
0.057175	0.556421
0.057200	0.560243
0.057225	0.564061
0.057250	0.560862
0.057275	0.564679
0.057300	0.561480
0.057325	0.558279
0.057350	0.555076
0.057375	0.558899
0.057400	0.555696
0.057425	0.552491
0.057450	0.549284
0.057475	0.546075
0.057500	0.542865
0.057525	0.546697
0.057550	0.550527
0.057575	0.554354
0.057600	0.551148
0.057625	0.554974
0.057650	0.551769
0.057675	0.555595
0.057700	0.552390
0.057725	0.556215
0.057750	0.560037
0.057775	0.563855
0.057800	0.567669
0.057825	0.564472
0.057850	0.568286
0.057875	0.565090
0.057900	0.568903
0.057925	0.565707
0.057950	0.562510
0.057975	0.566325
0.058000	0.570136
0.058025	0.566942
0.058050	0.563745
0.058075	0.560546
0.058100	0.564363
0.058125	0.561165
0.058150	0.564981
0.058175	0.561783
0.058200	0.558582
0.058225	0.555379
0.058250	0.552174
0.058275	0.556000
0.058300	0.559821
0.058325	0.563640
0.058350	0.560440
0.058375	0.564258
0.058400	0.561059
0.058425	0.557858
0.058450	0.561678
0.058475	0.558477
0.058500	0.555274
0.058525	0.552069
0.058550	0.555894
0.058575	0.559716
0.058600	0.556514
0.058625	0.560335
0.058650	0.564153
0.058675	0.567967
0.058700	0.564771
0.058725	0.561572
0.058750	0.558371
0.058775	0.562191
0.058800	0.558991
0.058825	0.562810
0.058850	0.559610
0.058875	0.556407
0.058900	0.553203
0.058925	0.549996
0.058950	0.553824
0.058975	0.550617
0.059000	0.547409
0.059025	0.551239
0.059050	0.555065
0.059075	0.551860
0.059100	0.548652
0.059125	0.552480
0.059150	0.556306
0.059175	0.553101
0.059200	0.549894
0.059225	0.553722
0.059250	0.557546
0.059275	0.554342
0.059300	0.558165
0.059325	0.561985
0.059350	0.565801
0.059375	0.562603
0.059400	0.559403
0.059425	0.563222
0.059450	0.560022
0.059475	0.563840
0.059500	0.560641
0.059525	0.557440
0.059550	0.561260
0.059575	0.558059
0.059600	0.561879
0.059625	0.558678
0.059650	0.555475
0.059675	0.552270
0.059700	0.549063
0.059725	0.552891
0.059750	0.549684
0.059775	0.553512
0.059800	0.550306
0.059825	0.547097
0.059850	0.550927
0.059875	0.554753
0.059900	0.558576
0.059925	0.555373
0.059950	0.552168
0.059975	0.548961
0.060000	0.552789
0.060025	0.556614
0.060050	0.553410
0.060075	0.550203
0.060100	0.554030
0.060125	0.550824
0.060150	0.554651
0.060175	0.558474
0.060200	0.555271
0.060225	0.552066
0.060250	0.555891
0.060275	0.552686
0.060300	0.556511
0.060325	0.553307
0.060350	0.550100
0.060375	0.553927
0.060400	0.557751
0.060425	0.561571
0.060450	0.558371
0.060475	0.555167
0.060500	0.551962
0.060525	0.555788
0.060550	0.559610
0.060575	0.556408
0.060600	0.553203
0.060625	0.549997
0.060650	0.546788
0.060675	0.550618
0.060700	0.547410
0.060725	0.544200
0.060750	0.548032
0.060775	0.544822
0.060800	0.548653
0.060825	0.552482
0.060850	0.556307
0.060875	0.553102
0.060900	0.549896
0.060925	0.546687
0.060950	0.543477
0.060975	0.547309
0.061000	0.544099
0.061025	0.540888
0.061050	0.537674
0.061075	0.534459
0.061100	0.531243
0.061125	0.528026
0.061150	0.524808
0.061175	0.528650
0.061200	0.525432
0.061225	0.529275
0.061250	0.533116
0.061275	0.536955
0.061300	0.540791
0.061325	0.537578
0.061350	0.541414
0.061375	0.545248
0.061400	0.542037
0.061425	0.538824
0.061450	0.535610
0.061475	0.532394
0.061500	0.536234
0.061525	0.533018
0.061550	0.529802
0.061575	0.526584
0.061600	0.523365
0.061625	0.520145
0.061650	0.516924
0.061675	0.520770
0.061700	0.517549
0.061725	0.514328
0.061750	0.518174
0.061775	0.514953
0.061800	0.518800
0.061825	0.522645
0.061850	0.526488
0.061875	0.523269
0.061900	0.527113
0.061925	0.523894
0.061950	0.520675
0.061975	0.517454
0.062000	0.521299
0.062025	0.525144
0.062050	0.521924
0.062075	0.525768
0.062100	0.529611
0.062125	0.526393
0.062150	0.530235
0.062175	0.534076
0.062200	0.530859
0.062225	0.534699
0.062250	0.531483
0.062275	0.528266
0.062300	0.532108
0.062325	0.535947
0.062350	0.539784
0.062375	0.536571
0.062400	0.533355
0.062425	0.530139
0.062450	0.526921
0.062475	0.523702
0.062500	0.527546
0.062525	0.531387
0.062550	0.535227
0.062575	0.532011
0.062600	0.535851
0.062625	0.539688
0.062650	0.536474
0.062675	0.540311
0.062700	0.544146
0.062725	0.540934
0.062750	0.544768
0.062775	0.541557
0.062800	0.545390
0.062825	0.542179
0.062850	0.546013
0.062875	0.542802
0.062900	0.546635
0.062925	0.550465
0.062950	0.547256
0.062975	0.544046
0.063000	0.540835
0.063025	0.537621
0.063050	0.541458
0.063075	0.545291
0.063100	0.549122
0.063125	0.545913
0.063150	0.549744
0.063175	0.546535
0.063200	0.550365
0.063225	0.554192
0.063250	0.550986
0.063275	0.547778
0.063300	0.551607
0.063325	0.555433
0.063350	0.559256
0.063375	0.563074
0.063400	0.559875
0.063425	0.563693
0.063450	0.560493
0.063475	0.557292
0.063500	0.554088
0.063525	0.550882
0.063550	0.554708
0.063575	0.558531
0.063600	0.555328
0.063625	0.552123
0.063650	0.555949
0.063675	0.552744
0.063700	0.549537
0.063725	0.546328
0.063750	0.550159
0.063775	0.553986
0.063800	0.557809
0.063825	0.561629
0.063850	0.558429
0.063875	0.562248
0.063900	0.566064
0.063925	0.562866
0.063950	0.559666
0.063975	0.563485
0.064000	0.560285
0.064025	0.557084
0.064050	0.553880
0.064075	0.557703
0.064100	0.554500
0.064125	0.551294
0.064150	0.555120
0.064175	0.551915
0.064200	0.548708
0.064225	0.552536
0.064250	0.556361
0.064275	0.553156
0.064300	0.549950
0.064325	0.553777
0.064350	0.550571
0.064375	0.547363
0.064400	0.551192
0.064425	0.555018
0.064450	0.551813
0.064475	0.555639
0.064500	0.552434
0.064525	0.556259
0.064550	0.560081
0.064575	0.556879
0.064600	0.553674
0.064625	0.557498
0.064650	0.561319
0.064675	0.558118
0.064700	0.561938
0.064725	0.558737
0.064750	0.555534
0.064775	0.552329
0.064800	0.549122
0.064825	0.545913
0.064850	0.549744
0.064875	0.553571
0.064900	0.550365
0.064925	0.554192
0.064950	0.550986
0.064975	0.547778
0.065000	0.551607
0.065025	0.555433
0.065050	0.559255
0.065075	0.563074
0.065100	0.559874
0.065125	0.563692
0.065150	0.567506
0.065175	0.571316
0.065200	0.575122
0.065225	0.578923
0.065250	0.582719
0.065275	0.579536
0.065300	0.576350
0.065325	0.573161
0.065350	0.576964
0.065375	0.573776
0.065400	0.570585
0.065425	0.567391
0.065450	0.571201
0.065475	0.575007
0.065500	0.571817
0.065525	0.575622
0.065550	0.572432
0.065575	0.569240
0.065600	0.573048
0.065625	0.569856
0.065650	0.566662
0.065675	0.563465
0.065700	0.567279
0.065725	0.571089
0.065750	0.567896
0.065775	0.571705
0.065800	0.575510
0.065825	0.572321
0.065850	0.576125
0.065875	0.579925
0.065900	0.583719
0.065925	0.587509
0.065950	0.584331
0.065975	0.588119
0.066000	0.584942
0.066025	0.581761
0.066050	0.585553
0.066075	0.589340
0.066100	0.593121
0.066125	0.589949
0.066150	0.586774
0.066175	0.590558
0.066200	0.594338
0.066225	0.598111
0.066250	0.594945
0.066275	0.598717
0.066300	0.595552
0.066325	0.592382
0.066350	0.589210
0.066375	0.586033
0.066400	0.582854
0.066425	0.579671
0.066450	0.583466
0.066475	0.580284
0.066500	0.584078
0.066525	0.580896
0.066550	0.584690
0.066575	0.588478
0.066600	0.592260
0.066625	0.589087
0.066650	0.585911
0.066675	0.589697
0.066700	0.586521
0.066725	0.583342
0.066750	0.580160
0.066775	0.576975
0.066800	0.573786
0.066825	0.577589
0.066850	0.581387
0.066875	0.578202
0.066900	0.581999
0.066925	0.578816
0.066950	0.582612
0.066975	0.586403
0.067000	0.583223
0.067025	0.580041
0.067050	0.576856
0.067075	0.573667
0.067100	0.570476
0.067125	0.574283
0.067150	0.571092
0.067175	0.574898
0.067200	0.578699
0.067225	0.575512
0.067250	0.572322
0.067275	0.576127
0.067300	0.572938
0.067325	0.569746
0.067350	0.573553
0.067375	0.570362
0.067400	0.574169
0.067425	0.570978
0.067450	0.567784
0.067475	0.571594
0.067500	0.568401
0.067525	0.565205
0.067550	0.562007
0.067575	0.558807
0.067600	0.562626
0.067625	0.559426
0.067650	0.563244
0.067675	0.567059
0.067700	0.563862
0.067725	0.567676
0.067750	0.571486
0.067775	0.575291
0.067800	0.579092
0.067825	0.582888
0.067850	0.586678
0.067875	0.583499
0.067900	0.587289
0.067925	0.591073
0.067950	0.587899
0.067975	0.591682
0.068000	0.588508
0.068025	0.592291
0.068050	0.596068
0.068075	0.592899
0.068100	0.596675
0.068125	0.593507
0.068150	0.597281
0.068175	0.601050
0.068200	0.597887
0.068225	0.601655
0.068250	0.605416
0.068275	0.602259
0.068300	0.606019
0.068325	0.602862
0.068350	0.606621
0.068375	0.610374
0.068400	0.614119
0.068425	0.610973
0.068450	0.607823
0.068475	0.611573
0.068500	0.615317
0.068525	0.619053
0.068550	0.622781
0.068575	0.619648
0.068600	0.616510
0.068625	0.613367
0.068650	0.610220
0.068675	0.613966
0.068700	0.610820
0.068725	0.607669
0.068750	0.604515
0.068775	0.601356
0.068800	0.598194
0.068825	0.595027
0.068850	0.598800
0.068875	0.595634
0.068900	0.599405
0.068925	0.603170
0.068950	0.600010
0.068975	0.596846
0.069000	0.600615
0.069025	0.604379
0.069050	0.601220
0.069075	0.604982
0.069100	0.601824
0.069125	0.605585
0.069150	0.602428
0.069175	0.599266
0.069200	0.603032
0.069225	0.606791
0.069250	0.603635
0.069275	0.607393
0.069300	0.604238
0.069325	0.607995
0.069350	0.604840
0.069375	0.601682
0.069400	0.605443
0.069425	0.609198
0.069450	0.606045
0.069475	0.609799
0.069500	0.613546
0.069525	0.617285
0.069550	0.614144
0.069575	0.617882
0.069600	0.614741
0.069625	0.611596
0.069650	0.615339
0.069675	0.619076
0.069700	0.622804
0.069725	0.619671
0.069750	0.616532
0.069775	0.620266
0.069800	0.617129
0.069825	0.613987
0.069850	0.610841
0.069875	0.607690
0.069900	0.604536
0.069925	0.608292
0.069950	0.605138
0.069975	0.601980
0.070000	0.598819
0.070025	0.595653
0.070050	0.592484
0.070075	0.589311
0.070100	0.586135
0.070125	0.589921
0.070150	0.586746
0.070175	0.590531
0.070200	0.594310
0.070225	0.598083
0.070250	0.601851
0.070275	0.598689
0.070300	0.595523
0.070325	0.592354
0.070350	0.596130
0.070375	0.592962
0.070400	0.589790
0.070425	0.586614
0.070450	0.590399
0.070475	0.587224
0.070500	0.584046
0.070525	0.580864
0.070550	0.577680
0.070575	0.574492
0.070600	0.578294
0.070625	0.582090
0.070650	0.578907
0.070675	0.575720
0.070700	0.579520
0.070725	0.576335
0.070750	0.580134
0.070775	0.576948
0.070800	0.573760
0.070825	0.570569
0.070850	0.574375
0.070875	0.578177
0.070900	0.574990
0.070925	0.578791
0.070950	0.582587
0.070975	0.586378
0.071000	0.590164
0.071025	0.593944
0.071050	0.597718
0.071075	0.601485
0.071100	0.605247
0.071125	0.602089
0.071150	0.598928
0.071175	0.595762
0.071200	0.599534
0.071225	0.596369
0.071250	0.600139
0.071275	0.596975
0.071300	0.593807
0.071325	0.597582
0.071350	0.601350
0.071375	0.598187
0.071400	0.601955
0.071425	0.605715
0.071450	0.609469
0.071475	0.613217
0.071500	0.616957
0.071525	0.613815
0.071550	0.617554
0.071575	0.614413
0.071600	0.618150
0.071625	0.615010
0.071650	0.611865
0.071675	0.608716
0.071700	0.605563
0.071725	0.609318
0.071750	0.613065
0.071775	0.616806
0.071800	0.620539
0.071825	0.617402
0.071850	0.614260
0.071875	0.611115
0.071900	0.614859
0.071925	0.618596
0.071950	0.622325
0.071975	0.619191
0.072000	0.622919
0.072025	0.626640
0.072050	0.630353
0.072075	0.634057
0.072100	0.630941
0.072125	0.627820
0.072150	0.624694
0.072175	0.628411
0.072200	0.625286
0.072225	0.629002
0.072250	0.632709
0.072275	0.636408
0.072300	0.633296
0.072325	0.630179
0.072350	0.627057
0.072375	0.630768
0.072400	0.634472
0.072425	0.638167
0.072450	0.635058
0.072475	0.638752
0.072500	0.642437
0.072525	0.639335
0.072550	0.643019
0.072575	0.639918
0.072600	0.643600
0.072625	0.647273
0.072650	0.644180
0.072675	0.641081
0.072700	0.637977
0.072725	0.641664
0.072750	0.638561
0.072775	0.642246
0.072800	0.645923
0.072825	0.649590
0.072850	0.646501
0.072875	0.650167
0.072900	0.653824
0.072925	0.657471
0.072950	0.661108
0.072975	0.664735
0.073000	0.661676
0.073025	0.658610
0.073050	0.662244
0.073075	0.659179
0.073100	0.656108
0.073125	0.653032
0.073150	0.656681
0.073175	0.653605
0.073200	0.657253
0.073225	0.660890
0.073250	0.657823
0.073275	0.661459
0.073300	0.665085
0.073325	0.662026
0.073350	0.658961
0.073375	0.662594
0.073400	0.666217
0.073425	0.669830
0.073450	0.666781
0.073475	0.670391
0.073500	0.673992
0.073525	0.670952
0.073550	0.667905
0.073575	0.671513
0.073600	0.668467
0.073625	0.672073
0.073650	0.669029
0.073675	0.665979
0.073700	0.669592
0.073725	0.666542
0.073750	0.670154
0.073775	0.667106
0.073800	0.664051
0.073825	0.660990
0.073850	0.664617
0.073875	0.661557
0.073900	0.658491
0.073925	0.655419
0.073950	0.659062
0.073975	0.655991
0.074000	0.659632
0.074025	0.656562
0.074050	0.660202
0.074075	0.663832
0.074100	0.660770
0.074125	0.664398
0.074150	0.661338
0.074175	0.658271
0.074200	0.661906
0.074225	0.658841
0.074250	0.655770
0.074275	0.652692
0.074300	0.656342
0.074325	0.653266
0.074350	0.656914
0.074375	0.653839
0.074400	0.650758
0.074425	0.647671
0.074450	0.651334
0.074475	0.648248
0.074500	0.645157
0.074525	0.648826
0.074550	0.652486
0.074575	0.656137
0.074600	0.653060
0.074625	0.656709
0.074650	0.660348
0.074675	0.657280
0.074700	0.654205
0.074725	0.651125
0.074750	0.648039
0.074775	0.651701
0.074800	0.655354
0.074825	0.658996
0.074850	0.662629
0.074875	0.666252
0.074900	0.669864
0.074925	0.673466
0.074950	0.677057
0.074975	0.674024
0.075000	0.677613
0.075025	0.674581
0.075050	0.671542
0.075075	0.675139
0.075100	0.672102
0.075125	0.669058
0.075150	0.672662
0.075175	0.669619
0.075200	0.673221
0.075225	0.670180
0.075250	0.673781
0.075275	0.677370
0.075300	0.674338
0.075325	0.677926
0.075350	0.681503
0.075375	0.678480
0.075400	0.682055
0.075425	0.685619
0.075450	0.689172
0.075475	0.686167
0.075500	0.683155
0.075525	0.686715
0.075550	0.690264
0.075575	0.687261
0.075600	0.690808
0.075625	0.687807
0.075650	0.691352
0.075675	0.688353
0.075700	0.691896
0.075725	0.688898
0.075750	0.692439
0.075775	0.689442
0.075800	0.686438
0.075825	0.683426
0.075850	0.680408
0.075875	0.683977
0.075900	0.687534
0.075925	0.691080
0.075950	0.688080
0.075975	0.685073
0.076000	0.688627
0.076025	0.685620
0.076050	0.689173
0.076075	0.692713
0.076100	0.696242
0.076125	0.693254
0.076150	0.696781
0.076175	0.693795
0.076200	0.690801
0.076225	0.694336
0.076250	0.697859
0.076275	0.694875
0.076300	0.698396
0.076325	0.695414
0.076350	0.698934
0.076375	0.695953
0.076400	0.699470
0.076425	0.702975
0.076450	0.700005
0.076475	0.703508
0.076500	0.700539
0.076525	0.704040
0.076550	0.701073
0.076575	0.704572
0.076600	0.701606
0.076625	0.705103
0.076650	0.702138
0.076675	0.705633
0.076700	0.702670
0.076725	0.706164
0.076750	0.703202
0.076775	0.700232
0.076800	0.703735
0.076825	0.700766
0.076850	0.704267
0.076875	0.707754
0.076900	0.704797
0.076925	0.708282
0.076950	0.711754
0.076975	0.708808
0.077000	0.712279
0.077025	0.709334
0.077050	0.712802
0.077075	0.716257
0.077100	0.713324
0.077125	0.710382
0.077150	0.707432
0.077175	0.710907
0.077200	0.714370
0.077225	0.711431
0.077250	0.714891
0.077275	0.711954
0.077300	0.709008
0.077325	0.706054
0.077350	0.703092
0.077375	0.700122
0.077400	0.703625
0.077425	0.700656
0.077450	0.697680
0.077475	0.694696
0.077500	0.698218
0.077525	0.701727
0.077550	0.705224
0.077575	0.708707
0.077600	0.712178
0.077625	0.709233
0.077650	0.706280
0.077675	0.703319
0.077700	0.706809
0.077725	0.703849
0.077750	0.707338
0.077775	0.704380
0.077800	0.701414
0.077825	0.698439
0.077850	0.701948
0.077875	0.698975
0.077900	0.702482
0.077925	0.699510
0.077950	0.696531
0.077975	0.700046
0.078000	0.697068
0.078025	0.700582
0.078050	0.704082
0.078075	0.707571
0.078100	0.711046
0.078125	0.708097
0.078150	0.711570
0.078175	0.715030
0.078200	0.712093
0.078225	0.715551
0.078250	0.712616
0.078275	0.709672
0.078300	0.706719
0.078325	0.703759
0.078350	0.700791
0.078375	0.697815
0.078400	0.694832
0.078425	0.698353
0.078450	0.701862
0.078475	0.698889
0.078500	0.695908
0.078525	0.699425
0.078550	0.696446
0.078575	0.693459
0.078600	0.696985
0.078625	0.700499
0.078650	0.704000
0.078675	0.707488
0.078700	0.704530
0.078725	0.701564
0.078750	0.705061
0.078775	0.702097
0.078800	0.705592
0.078825	0.702629
0.078850	0.699658
0.078875	0.696679
0.078900	0.700194
0.078925	0.703696
0.078950	0.700728
0.078975	0.704228
0.079000	0.707715
0.079025	0.711190
0.079050	0.714651
0.079075	0.711713
0.079100	0.715173
0.079125	0.712236
0.079150	0.709291
0.079175	0.706338
0.079200	0.703377
0.079225	0.706867
0.079250	0.703907
0.079275	0.700940
0.079300	0.697964
0.079325	0.694981
0.079350	0.698502
0.079375	0.695520
0.079400	0.699039
0.079425	0.696059
0.079450	0.693071
0.079475	0.690075
0.079500	0.687072
0.079525	0.684062
0.079550	0.687620
0.079575	0.684611
0.079600	0.681595
0.079625	0.685161
0.079650	0.682146
0.079675	0.679125
0.079700	0.676096
0.079725	0.679679
0.079750	0.683250
0.079775	0.680231
0.079800	0.677205
0.079825	0.674173
0.079850	0.677761
0.079875	0.674730
0.079900	0.671691
0.079925	0.675288
0.079950	0.672251
0.079975	0.669207
0.080000	0.672811
0.080025	0.676403
0.080050	0.673369
0.080075	0.670328
0.080100	0.667280
0.080125	0.664225
0.080150	0.661165
0.080175	0.664792
0.080200	0.661732
0.080225	0.658667
0.080250	0.662300
0.080275	0.665924
0.080300	0.662867
0.080325	0.666489
0.080350	0.670101
0.080375	0.673702
0.080400	0.677292
0.080425	0.680871
0.080450	0.684438
0.080475	0.687995
0.080500	0.691539
0.080525	0.688540
0.080550	0.692083
0.080575	0.695613
0.080600	0.699132
0.080625	0.702638
0.080650	0.699667
0.080675	0.703171
0.080700	0.706662
0.080725	0.710141
0.080750	0.713606
0.080775	0.717058
0.080800	0.714127
0.080825	0.717577
0.080850	0.714647
0.080875	0.718095
0.080900	0.715166
0.080925	0.712230
0.080950	0.715687
0.080975	0.719131
0.081000	0.716206
0.081025	0.719648
0.081050	0.723076
0.081075	0.726490
0.081100	0.723587
0.081125	0.720675
0.081150	0.717754
0.081175	0.714824
0.081200	0.718272
0.081225	0.721705
0.081250	0.725125
0.081275	0.728531
0.081300	0.725634
0.081325	0.722728
0.081350	0.726144
0.081375	0.729545
0.081400	0.732933
0.081425	0.730049
0.081450	0.733435
0.081475	0.736806
0.081500	0.740162
0.081525	0.743503
0.081550	0.740654
0.081575	0.737795
0.081600	0.734927
0.081625	0.738291
0.081650	0.741641
0.081675	0.744975
0.081700	0.748295
0.081725	0.745462
0.081750	0.742619
0.081775	0.745949
0.081800	0.743108
0.081825	0.740257
0.081850	0.737397
0.081875	0.740750
0.081900	0.737892
0.081925	0.741243
0.081950	0.744580
0.081975	0.747901
0.082000	0.745066
0.082025	0.748385
0.082050	0.745552
0.082075	0.748869
0.082100	0.752171
0.082125	0.749351
0.082150	0.752650
0.082175	0.755934
0.082200	0.753127
0.082225	0.750311
0.082250	0.747484
0.082275	0.750792
0.082300	0.754085
0.082325	0.751272
0.082350	0.754562
0.082375	0.751750
0.082400	0.755038
0.082425	0.758311
0.082450	0.755512
0.082475	0.758782
0.082500	0.762036
0.082525	0.759252
0.082550	0.762503
0.082575	0.759721
0.082600	0.762970
0.082625	0.766203
0.082650	0.769420
0.082675	0.772620
0.082700	0.769876
0.082725	0.773074
0.082750	0.776255
0.082775	0.773525
0.082800	0.770784
0.082825	0.768033
0.082850	0.771240
0.082875	0.774431
0.082900	0.777605
0.082925	0.774880
0.082950	0.772145
0.082975	0.769399
0.083000	0.772599
0.083025	0.769855
0.083050	0.773053
0.083075	0.776234
0.083100	0.773504
0.083125	0.770763
0.083150	0.768012
0.083175	0.771219
0.083200	0.774410
0.083225	0.777584
0.083250	0.774859
0.083275	0.778031
0.083300	0.775308
0.083325	0.772575
0.083350	0.775758
0.083375	0.778925
0.083400	0.776206
0.083425	0.773476
0.083450	0.770735
0.083475	0.767984
0.083500	0.771191
0.083525	0.768441
0.083550	0.771647
0.083575	0.774835
0.083600	0.778007
0.083625	0.781161
0.083650	0.778451
0.083675	0.781603
0.083700	0.778895
0.083725	0.776176
0.083750	0.779341
0.083775	0.782488
0.083800	0.785618
0.083825	0.788730
0.083850	0.791825
0.083875	0.794902
0.083900	0.792251
0.083925	0.795325
0.083950	0.798382
0.083975	0.795746
0.084000	0.793098
0.084025	0.796168
0.084050	0.793522
0.084075	0.796589
0.084100	0.799638
0.084125	0.797008
0.084150	0.800054
0.084175	0.803082
0.084200	0.800468
0.084225	0.797842
0.084250	0.800883
0.084275	0.803906
0.084300	0.806911
0.084325	0.804314
0.084350	0.801706
0.084375	0.804724
0.084400	0.802117
0.084425	0.805133
0.084450	0.802528
0.084475	0.799911
0.084500	0.797282
0.084525	0.800327
0.084550	0.797700
0.084575	0.795061
0.084600	0.792411
0.084625	0.795484
0.084650	0.798540
0.084675	0.801577
0.084700	0.804596
0.084725	0.807596
0.084750	0.805003
0.084775	0.808001
0.084800	0.810980
0.084825	0.808403
0.084850	0.805814
0.084875	0.808806
0.084900	0.806219
0.084925	0.809209
0.084950	0.806624
0.084975	0.809612
0.085000	0.812580
0.085025	0.815530
0.085050	0.818461
0.085075	0.821372
0.085100	0.818847
0.085125	0.816309
0.085150	0.819235
0.085175	0.822141
0.085200	0.825028
0.085225	0.827895
0.085250	0.825404
0.085275	0.828268
0.085300	0.825779
0.085325	0.828641
0.085350	0.826154
0.085375	0.829013
0.085400	0.831853
0.085425	0.834672
0.085450	0.837471
0.085475	0.835033
0.085500	0.832581
0.085525	0.830115
0.085550	0.832946
0.085575	0.830483
0.085600	0.833312
0.085625	0.836121
0.085650	0.833675
0.085675	0.831215
0.085700	0.834039
0.085725	0.831581
0.085750	0.834402
0.085775	0.837204
0.085800	0.839984
0.085825	0.842745
0.085850	0.845485
0.085875	0.848204
0.085900	0.850902
0.085925	0.853579
0.085950	0.851236
0.085975	0.848878
0.086000	0.851571
0.086025	0.854242
0.086050	0.851903
0.086075	0.849549
0.086100	0.847181
0.086125	0.844798
0.086150	0.847523
0.086175	0.850226
0.086200	0.852909
0.086225	0.850561
0.086250	0.853241
0.086275	0.850895
0.086300	0.848535
0.086325	0.846161
0.086350	0.848875
0.086375	0.851568
0.086400	0.849212
0.086425	0.851902
0.086450	0.849548
0.086475	0.852236
0.086500	0.849884
0.086525	0.852569
0.086550	0.855233
0.086575	0.857876
0.086600	0.855559
0.086625	0.853228
0.086650	0.850882
0.086675	0.848522
0.086700	0.846148
0.086725	0.843759
0.086750	0.841357
0.086775	0.844107
0.086800	0.846837
0.086825	0.849545
0.086850	0.847177
0.086875	0.844795
0.086900	0.842398
0.086925	0.839987
0.086950	0.837563
0.086975	0.835125
0.087000	0.837921
0.087025	0.840697
0.087050	0.843452
0.087075	0.846186
0.087100	0.843798
0.087125	0.841395
0.087150	0.844145
0.087175	0.841745
0.087200	0.839331
0.087225	0.836903
0.087250	0.834461
0.087275	0.832005
0.087300	0.834824
0.087325	0.832370
0.087350	0.835186
0.087375	0.832735
0.087400	0.835548
0.087425	0.838341
0.087450	0.835907
0.087475	0.833460
0.087500	0.830999
0.087525	0.833824
0.087550	0.836629
0.087575	0.839415
0.087600	0.836987
0.087625	0.834546
0.087650	0.837346
0.087675	0.834906
0.087700	0.837704
0.087725	0.840481
0.087750	0.838060
0.087775	0.835624
0.087800	0.833175
0.087825	0.830713
0.087850	0.828237
0.087875	0.825748
0.087900	0.823245
0.087925	0.820730
0.087950	0.818201
0.087975	0.821115
0.088000	0.824008
0.088025	0.826882
0.088050	0.824386
0.088075	0.821876
0.088100	0.819354
0.088125	0.822259
0.088150	0.819739
0.088175	0.822642
0.088200	0.825525
0.088225	0.828389
0.088250	0.825900
0.088275	0.823399
0.088300	0.826277
0.088325	0.829135
0.088350	0.826651
0.088375	0.824153
0.088400	0.827026
0.088425	0.824531
0.088450	0.822022
0.088475	0.824909
0.088500	0.827777
0.088525	0.825286
0.088550	0.822781
0.088575	0.820263
0.088600	0.823162
0.088625	0.820646
0.088650	0.823543
0.088675	0.821029
0.088700	0.818502
0.088725	0.815963
0.088750	0.818891
0.088775	0.821799
0.088800	0.819276
0.088825	0.822182
0.088850	0.819661
0.088875	0.817127
0.088900	0.820048
0.088925	0.822948
0.088950	0.820431
0.088975	0.823330
0.089000	0.826208
0.089025	0.829067
0.089050	0.826582
0.089075	0.829439
0.089100	0.832275
0.089125	0.829808
0.089150	0.832642
0.089175	0.830176
0.089200	0.827697
0.089225	0.830546
0.089250	0.828069
0.089275	0.830915
0.089300	0.828440
0.089325	0.831284
0.089350	0.828811
0.089375	0.831652
0.089400	0.834473
0.089425	0.832017
0.089450	0.829549
0.089475	0.827066
0.089500	0.829919
0.089525	0.827439
0.089550	0.824946
0.089575	0.827813
0.089600	0.830661
0.089625	0.833489
0.089650	0.831028
0.089675	0.833853
0.089700	0.836659
0.089725	0.834215
0.089750	0.831759
0.089775	0.834579
0.089800	0.832124
0.089825	0.834941
0.089850	0.837739
0.089875	0.840516
0.089900	0.843272
0.089925	0.840867
0.089950	0.838447
0.089975	0.841219
0.090000	0.843970
0.090025	0.841569
0.090050	0.844318
0.090075	0.841918
0.090100	0.844664
0.090125	0.842267
0.090150	0.839856
0.090175	0.842617
0.090200	0.845358
0.090225	0.848078
0.090250	0.845701
0.090275	0.843310
0.090300	0.846045
0.090325	0.843656
0.090350	0.841253
0.090375	0.844004
0.090400	0.841603
0.090425	0.844351
0.090450	0.841952
0.090475	0.844698
0.090500	0.847423
0.090525	0.850127
0.090550	0.852810
0.090575	0.850462
0.090600	0.853142
0.090625	0.850796
0.090650	0.848435
0.090675	0.851132
0.090700	0.853807
0.090725	0.856462
0.090750	0.859094
0.090775	0.856786
0.090800	0.859416
0.090825	0.857109
0.090850	0.859737
0.090875	0.857432
0.090900	0.855113
0.090925	0.852778
0.090950	0.855441
0.090975	0.853109
0.091000	0.855769
0.091025	0.858407
0.091050	0.856094
0.091075	0.853766
0.091100	0.851424
0.091125	0.849067
0.091150	0.846696
0.091175	0.844310
0.091200	0.841911
0.091225	0.844657
0.091250	0.847382
0.091275	0.845001
0.091300	0.847724
0.091325	0.850426
0.091350	0.853107
0.091375	0.850760
0.091400	0.853439
0.091425	0.851094
0.091450	0.848735
0.091475	0.846362
0.091500	0.849074
0.091525	0.846703
0.091550	0.844318
0.091575	0.841919
0.091600	0.839505
0.091625	0.842269
0.091650	0.845013
0.091675	0.847735
0.091700	0.845356
0.091725	0.848076
0.091750	0.845699
0.091775	0.848417
0.091800	0.851113
0.091825	0.848755
0.091850	0.846382
0.091875	0.843994
0.091900	0.846725
0.091925	0.844340
0.091950	0.841940
0.091975	0.844686
0.092000	0.842289
0.092025	0.839878
0.092050	0.842639
0.092075	0.840230
0.092100	0.842989
0.092125	0.845727
0.092150	0.848444
0.092175	0.846069
0.092200	0.843680
0.092225	0.846413
0.092250	0.844026
0.092275	0.841625
0.092300	0.839210
0.092325	0.836781
0.092350	0.834338
0.092375	0.837140
0.092400	0.839921
0.092425	0.837497
0.092450	0.835058
0.092475	0.832606
0.092500	0.830140
0.092525	0.827661
0.092550	0.830510
0.092575	0.833339
0.092600	0.830878
0.092625	0.828403
0.092650	0.831246
0.092675	0.828773
0.092700	0.831614
0.092725	0.829143
0.092750	0.826659
0.092775	0.824161
0.092800	0.827034
0.092825	0.829888
0.092850	0.832721
0.092875	0.830256
0.092900	0.827778
0.092925	0.825286
0.092950	0.822781
0.092975	0.825664
0.093000	0.828526
0.093025	0.831369
0.093050	0.834192
0.093075	0.831735
0.093100	0.829265
0.093125	0.826781
0.093150	0.829636
0.093175	0.827154
0.093200	0.824659
0.093225	0.822151
0.093250	0.825038
0.093275	0.822532
0.093300	0.820013
0.093325	0.822914
0.093350	0.825795
0.093375	0.823293
0.093400	0.820778
0.093425	0.823674
0.093450	0.826550
0.093475	0.824052
0.093500	0.821541
0.093525	0.824431
0.093550	0.821922
0.093575	0.819400
0.093600	0.816865
0.093625	0.819786
0.093650	0.822689
0.093675	0.825572
0.093700	0.823069
0.093725	0.825949
0.093750	0.823448
0.093775	0.820933
0.093800	0.818406
0.093825	0.821318
0.093850	0.824210
0.093875	0.821700
0.093900	0.824589
0.093925	0.827459
0.093950	0.830310
0.093975	0.827832
0.094000	0.830679
0.094025	0.833507
0.094050	0.831046
0.094075	0.828572
0.094100	0.831415
0.094125	0.834237
0.094150	0.837040
0.094175	0.839822
0.094200	0.842583
0.094225	0.845324
0.094250	0.842931
0.094275	0.845669
0.094300	0.848387
0.094325	0.851084
0.094350	0.848725
0.094375	0.846352
0.094400	0.843964
0.094425	0.841563
0.094450	0.839148
0.094475	0.841914
0.094500	0.839501
0.094525	0.837074
0.094550	0.834633
0.094575	0.837432
0.094600	0.834994
0.094625	0.837790
0.094650	0.840567
0.094675	0.843323
0.094700	0.840918
0.094725	0.843671
0.094750	0.846404
0.094775	0.844017
0.094800	0.846747
0.094825	0.844362
0.094850	0.841963
0.094875	0.844709
0.094900	0.847434
0.094925	0.845053
0.094950	0.847775
0.094975	0.845397
0.095000	0.843004
0.095025	0.845741
0.095050	0.843350
0.095075	0.846086
0.095100	0.843697
0.095125	0.846429
0.095150	0.844043
0.095175	0.846773
0.095200	0.849482
0.095225	0.847113
0.095250	0.849820
0.095275	0.852505
0.095300	0.855170
0.095325	0.857813
0.095350	0.860435
0.095375	0.863036
0.095400	0.860752
0.095425	0.863350
0.095450	0.865927
0.095475	0.868481
0.095500	0.866234
0.095525	0.863972
0.095550	0.866543
0.095575	0.864283
0.095600	0.866851
0.095625	0.869398
0.095650	0.871922
0.095675	0.869699
0.095700	0.867460
0.095725	0.870002
0.095750	0.867765
0.095775	0.870304
0.095800	0.868069
0.095825	0.870605
0.095850	0.868373
0.095875	0.870906
0.095900	0.868676
0.095925	0.866430
0.095950	0.868980
0.095975	0.871509
0.096000	0.869282
0.096025	0.867041
0.096050	0.869586
0.096075	0.867346
0.096100	0.869889
0.096125	0.872409
0.096150	0.874907
0.096175	0.877383
0.096200	0.875198
0.096225	0.877672
0.096250	0.875489
0.096275	0.877960
0.096300	0.880409
0.096325	0.882835
0.096350	0.880690
0.096375	0.883113
0.096400	0.880970
0.096425	0.878812
0.096450	0.881252
0.096475	0.879096
0.096500	0.876923
0.096525	0.879381
0.096550	0.877211
0.096575	0.879666
0.096600	0.882099
0.096625	0.879949
0.096650	0.877783
0.096675	0.880233
0.096700	0.882660
0.096725	0.885066
0.096750	0.887448
0.096775	0.889808
0.096800	0.887716
0.096825	0.890073
0.096850	0.887984
0.096875	0.890338
0.096900	0.888251
0.096925	0.890602
0.096950	0.892931
0.096975	0.895237
0.097000	0.893189
0.097025	0.891124
0.097050	0.893448
0.097075	0.891385
0.097100	0.893706
0.097125	0.891646
0.097150	0.889569
0.097175	0.887475
0.097200	0.885366
0.097225	0.887745
0.097250	0.885638
0.097275	0.883514
0.097300	0.881374
0.097325	0.883791
0.097350	0.881653
0.097375	0.884068
0.097400	0.886460
0.097425	0.888829
0.097450	0.891175
0.097475	0.889094
0.097500	0.891438
0.097525	0.889359
0.097550	0.891700
0.097575	0.889624
0.097600	0.891962
0.097625	0.894278
0.097650	0.892222
0.097675	0.890149
0.097700	0.892482
0.097725	0.890412
0.097750	0.888325
0.097775	0.886222
0.097800	0.888593
0.097825	0.886492
0.097850	0.884375
0.097875	0.886764
0.097900	0.889130
0.097925	0.887033
0.097950	0.884920
0.097975	0.887304
0.098000	0.889665
0.098025	0.892003
0.098050	0.889929
0.098075	0.892264
0.098100	0.890192
0.098125	0.892525
0.098150	0.890455
0.098175	0.888369
0.098200	0.886266
0.098225	0.884147
0.098250	0.886538
0.098275	0.888906
0.098300	0.891252
0.098325	0.889172
0.098350	0.891514
0.098375	0.889436
0.098400	0.887342
0.098425	0.885231
0.098450	0.887612
0.098475	0.885503
0.098500	0.887882
0.098525	0.885775
0.098550	0.888151
0.098575	0.886046
0.098600	0.888419
0.098625	0.886317
0.098650	0.884198
0.098675	0.882064
0.098700	0.884474
0.098725	0.882342
0.098750	0.884750
0.098775	0.882619
0.098800	0.880473
0.098825	0.882898
0.098850	0.885301
0.098875	0.887681
0.098900	0.890039
0.098925	0.892373
0.098950	0.894685
0.098975	0.892632
0.099000	0.890563
0.099025	0.888477
0.099050	0.886375
0.099075	0.888745
0.099100	0.891092
0.099125	0.893416
0.099150	0.891353
0.099175	0.893675
0.099200	0.895973
0.099225	0.893931
0.099250	0.896227
0.099275	0.898499
0.099300	0.896478
0.099325	0.894440
0.099350	0.896731
0.099375	0.894695
0.099400	0.892642
0.099425	0.894951
0.099450	0.892900
0.099475	0.895206
0.099500	0.893158
0.099525	0.895461
0.099550	0.893415
0.099575	0.891352
0.099600	0.889273
0.099625	0.887177
0.099650	0.889539
0.099675	0.891878
0.099700	0.889803
0.099725	0.892140
0.099750	0.890067
0.099775	0.892401
0.099800	0.890330
0.099825	0.888242
0.099850	0.886138
0.099875	0.884018
0.099900	0.881882
0.099925	0.884295
0.099950	0.886685
0.099975	0.889052
0.100000	0.891396
0.100025	0.889317
0.100050	0.887221
0.100075	0.889583
0.100100	0.891922
0.100125	0.894238
0.100150	0.896531
0.100175	0.894493
0.100200	0.892439
0.100225	0.894749
0.100250	0.897037
0.100275	0.899301
0.100300	0.897287
0.100325	0.899549
0.100350	0.901787
0.100375	0.904002
0.100400	0.902028
0.100425	0.900036
0.100450	0.902269
0.100475	0.904479
0.100500	0.902509
0.100525	0.900522
0.100550	0.902750
0.100575	0.900765
0.100600	0.898762
0.100625	0.901009
0.100650	0.903232
0.100675	0.905432
0.100700	0.903470
0.100725	0.905667
0.100750	0.903707
0.100775	0.905902
0.100800	0.903944
0.100825	0.901969
0.100850	0.904182
0.100875	0.902209
0.100900	0.904419
0.100925	0.902448
0.100950	0.904657
0.100975	0.902688
0.101000	0.904893
0.101025	0.907075
0.101050	0.909233
0.101075	0.907305
0.101100	0.909461
0.101125	0.911593
0.101150	0.909686
0.101175	0.911816
0.101200	0.913921
0.101225	0.912036
0.101250	0.910134
0.101275	0.908214
0.101300	0.910360
0.101325	0.912482
0.101350	0.914580
0.101375	0.912701
0.101400	0.910805
0.101425	0.908891
0.101450	0.911029
0.101475	0.913144
0.101500	0.911251
0.101525	0.909341
0.101550	0.911475
0.101575	0.909567
0.101600	0.911698
0.101625	0.913805
0.101650	0.915888
0.101675	0.914021
0.101700	0.912137
0.101725	0.914239
0.101750	0.912357
0.101775	0.910458
0.101800	0.912579
0.101825	0.914676
0.101850	0.912798
0.101875	0.914892
0.101900	0.916963
0.101925	0.915107
0.101950	0.917175
0.101975	0.919219
0.102000	0.921238
0.102025	0.919424
0.102050	0.917592
0.102075	0.915742
0.102100	0.917803
0.102125	0.915955
0.102150	0.914089
0.102175	0.916169
0.102200	0.914305
0.102225	0.912424
0.102250	0.914523
0.102275	0.916598
0.102300	0.918648
0.102325	0.916809
0.102350	0.918857
0.102375	0.917019
0.102400	0.919065
0.102425	0.917229
0.102450	0.915376
0.102475	0.913505
0.102500	0.915591
0.102525	0.917653
0.102550	0.915804
0.102575	0.913937
0.102600	0.916018
0.102625	0.914153
0.102650	0.912271
0.102675	0.914371
0.102700	0.916447
0.102725	0.914587
0.102750	0.912708
0.102775	0.910812
0.102800	0.912928
0.102825	0.911034
0.102850	0.913149
0.102875	0.911256
0.102900	0.909347
0.102925	0.907419
0.102950	0.905475
0.102975	0.907651
0.103000	0.905708
0.103025	0.907881
0.103050	0.905941
0.103075	0.908112
0.103100	0.910259
0.103125	0.912382
0.103150	0.914481
0.103175	0.916556
0.103200	0.918607
0.103225	0.916767
0.103250	0.918816
0.103275	0.920840
0.103300	0.919022
0.103325	0.917186
0.103350	0.915332
0.103375	0.913461
0.103400	0.915548
0.103425	0.913678
0.103450	0.915763
0.103475	0.913895
0.103500	0.915977
0.103525	0.914112
0.103550	0.916191
0.103575	0.914328
0.103600	0.916405
0.103625	0.914543
0.103650	0.912664
0.103675	0.910767
0.103700	0.912885
0.103725	0.910990
0.103750	0.913105
0.103775	0.911212
0.103800	0.913325
0.103825	0.915413
0.103850	0.917478
0.103875	0.915627
0.103900	0.913758
0.103925	0.911871
0.103950	0.913976
0.103975	0.912092
0.104000	0.914194
0.104025	0.912312
0.104050	0.914412
0.104075	0.912532
0.104100	0.910634
0.104125	0.908718
0.104150	0.910858
0.104175	0.912975
0.104200	0.915067
0.104225	0.917136
0.104250	0.919180
0.104275	0.917346
0.104300	0.919388
0.104325	0.921405
0.104350	0.923399
0.104375	0.925368
0.104400	0.923596
0.104425	0.921805
0.104450	0.919997
0.104475	0.918171
0.104500	0.920203
0.104525	0.922211
0.104550	0.924194
0.104575	0.926154
0.104600	0.924390
0.104625	0.922608
0.104650	0.924587
0.104675	0.926541
0.104700	0.924781
0.104725	0.926733
0.104750	0.924975
0.104775	0.923199
0.104800	0.921405
0.104825	0.923399
0.104850	0.925368
0.104875	0.927312
0.104900	0.925561
0.104925	0.927503
0.104950	0.925753
0.104975	0.927693
0.105000	0.925946
0.105025	0.924180
0.105050	0.922395
0.105075	0.920593
0.105100	0.922596
0.105125	0.920796
0.105150	0.918977
0.105175	0.917141
0.105200	0.915287
0.105225	0.913415
0.105250	0.915502
0.105275	0.913632
0.105300	0.915717
0.105325	0.917778
0.105350	0.915930
0.105375	0.917988
0.105400	0.920023
0.105425	0.922033
0.105450	0.924018
0.105475	0.925980
0.105500	0.927917
0.105525	0.929829
0.105550	0.928104
0.105575	0.926361
0.105600	0.928293
0.105625	0.926552
0.105650	0.928482
0.105675	0.930387
0.105700	0.928668
0.105725	0.930571
0.105750	0.928855
0.105775	0.927119
0.105800	0.925366
0.105825	0.923594
0.105850	0.921804
0.105875	0.923792
0.105900	0.925756
0.105925	0.927696
0.105950	0.925949
0.105975	0.924183
0.106000	0.926142
0.106025	0.924378
0.106050	0.922596
0.106075	0.924575
0.106100	0.926529
0.106125	0.924770
0.106150	0.926722
0.106175	0.924964
0.106200	0.923188
0.106225	0.925159
0.106250	0.927107
0.106275	0.925353
0.106300	0.923581
0.106325	0.925548
0.106350	0.927490
0.106375	0.925740
0.106400	0.923972
0.106425	0.922186
0.106450	0.924170
0.106475	0.922385
0.106500	0.920583
0.106525	0.922586
0.106550	0.920786
0.106575	0.922787
0.106600	0.920988
0.106625	0.922987
0.106650	0.924961
0.106675	0.926911
0.106700	0.928836
0.106725	0.930736
0.106750	0.929021
0.106775	0.930920
0.106800	0.932793
0.106825	0.931101
0.106850	0.929390
0.106875	0.931284
0.106900	0.933153
0.106925	0.934997
0.106950	0.936816
0.106975	0.935169
0.107000	0.933504
0.107025	0.935343
0.107050	0.933680
0.107075	0.931998
0.107100	0.930297
0.107125	0.932179
0.107150	0.934036
0.107175	0.932358
0.107200	0.930661
0.107225	0.928945
0.107250	0.930844
0.107275	0.932719
0.107300	0.934569
0.107325	0.936394
0.107350	0.938194
0.107375	0.936563
0.107400	0.934914
0.107425	0.933246
0.107450	0.935089
0.107475	0.933423
0.107500	0.931737
0.107525	0.933600
0.107550	0.935438
0.107575	0.933776
0.107600	0.932095
0.107625	0.930395
0.107650	0.932276
0.107675	0.930578
0.107700	0.928861
0.107725	0.927126
0.107750	0.925373
0.107775	0.923601
0.107800	0.921811
0.107825	0.923799
0.107850	0.925763
0.107875	0.923995
0.107900	0.922209
0.107925	0.920405
0.107950	0.922410
0.107975	0.924392
0.108000	0.922610
0.108025	0.920809
0.108050	0.922810
0.108075	0.921012
0.108100	0.923010
0.108125	0.921214
0.108150	0.919400
0.108175	0.917567
0.108200	0.919607
0.108225	0.917776
0.108250	0.919813
0.108275	0.917985
0.108300	0.920019
0.108325	0.922029
0.108350	0.924015
0.108375	0.922229
0.108400	0.920425
0.108425	0.922430
0.108450	0.920628
0.108475	0.922631
0.108500	0.920831
0.108525	0.922832
0.108550	0.924807
0.108575	0.926759
0.108600	0.928686
0.108625	0.926949
0.108650	0.925194
0.108675	0.923420
0.108700	0.925389
0.108725	0.927333
0.108750	0.925582
0.108775	0.923812
0.108800	0.925776
0.108825	0.927716
0.108850	0.929630
0.108875	0.931521
0.108900	0.933386
0.108925	0.935227
0.108950	0.937043
0.108975	0.938835
0.109000	0.940601
0.109025	0.938999
0.109050	0.937379
0.109075	0.935739
0.109100	0.937548
0.109125	0.939332
0.109150	0.941091
0.109175	0.942826
0.109200	0.941251
0.109225	0.942983
0.109250	0.941411
0.109275	0.939819
0.109300	0.938208
0.109325	0.939983
0.109350	0.938374
0.109375	0.940147
0.109400	0.938540
0.109425	0.940310
0.109450	0.938705
0.109475	0.940473
0.109500	0.938870
0.109525	0.940636
0.109550	0.942377
0.109575	0.944092
0.109600	0.945783
0.109625	0.944246
0.109650	0.942689
0.109675	0.944400
0.109700	0.942845
0.109725	0.941271
0.109750	0.943003
0.109775	0.941431
0.109800	0.943160
0.109825	0.944864
0.109850	0.946543
0.109875	0.945016
0.109900	0.946693
0.109925	0.948344
0.109950	0.949971
0.109975	0.948489
0.110000	0.946987
0.110025	0.945465
0.110050	0.943924
0.110075	0.942363
0.110100	0.940783
0.110125	0.939184
0.110150	0.940945
0.110175	0.939348
0.110200	0.941107
0.110225	0.939511
0.110250	0.937897
0.110275	0.936263
0.110300	0.934610
0.110325	0.932939
0.110350	0.931248
0.110375	0.929539
0.110400	0.927811
0.110425	0.926065
0.110450	0.924300
0.110475	0.926258
0.110500	0.928191
0.110525	0.926449
0.110550	0.928380
0.110575	0.930287
0.110600	0.932168
0.110625	0.930469
0.110650	0.932349
0.110675	0.934204
0.110700	0.936033
0.110725	0.934378
0.110750	0.936206
0.110775	0.934552
0.110800	0.936377
0.110825	0.938178
0.110850	0.936547
0.110875	0.938345
0.110900	0.940119
0.110925	0.938511
0.110950	0.936885
0.110975	0.938678
0.111000	0.940447
0.111025	0.938843
0.111050	0.940609
0.111075	0.942350
0.111100	0.944066
0.111125	0.942507
0.111150	0.940929
0.111175	0.942666
0.111200	0.941089
0.111225	0.939494
0.111250	0.937879
0.111275	0.936245
0.111300	0.938047
0.111325	0.936415
0.111350	0.934764
0.111375	0.936587
0.111400	0.934938
0.111425	0.936758
0.111450	0.938553
0.111475	0.940323
0.111500	0.938718
0.111525	0.937094
0.111550	0.938884
0.111575	0.940650
0.111600	0.939049
0.111625	0.937429
0.111650	0.939215
0.111675	0.940976
0.111700	0.942712
0.111725	0.941136
0.111750	0.939541
0.111775	0.937926
0.111800	0.936293
0.111825	0.938095
0.111850	0.936463
0.111875	0.934813
0.111900	0.936634
0.111925	0.938431
0.111950	0.940203
0.111975	0.941950
0.112000	0.943672
0.112025	0.945369
0.112050	0.943826
0.112075	0.942264
0.112100	0.940683
0.112125	0.939082
0.112150	0.940845
0.112175	0.939247
0.112200	0.941007
0.112225	0.939410
0.112250	0.937795
0.112275	0.939575
0.112300	0.941331
0.112325	0.939738
0.112350	0.938127
0.112375	0.936495
0.112400	0.938294
0.112425	0.940068
0.112450	0.938460
0.112475	0.940232
0.112500	0.938626
0.112525	0.940395
0.112550	0.942139
0.112575	0.943858
0.112600	0.945552
0.112625	0.944012
0.112650	0.942452
0.112675	0.944167
0.112700	0.945856
0.112725	0.947521
0.112750	0.946006
0.112775	0.944472
0.112800	0.946157
0.112825	0.944624
0.112850	0.946307
0.112875	0.947964
0.112900	0.946455
0.112925	0.948111
0.112950	0.946604
0.112975	0.945077
0.113000	0.946753
0.113025	0.948404
0.113050	0.946901
0.113075	0.948549
0.113100	0.950172
0.113125	0.948693
0.113150	0.947194
0.113175	0.945675
0.113200	0.947342
0.113225	0.945825
0.113250	0.944288
0.113275	0.942732
0.113300	0.941156
0.113325	0.942890
0.113350	0.941316
0.113375	0.943047
0.113400	0.941476
0.113425	0.943204
0.113450	0.941635
0.113475	0.940046
0.113500	0.938437
0.113525	0.936810
0.113550	0.938604
0.113575	0.936979
0.113600	0.938771
0.113625	0.937148
0.113650	0.938937
0.113675	0.937316
0.113700	0.935675
0.113725	0.937485
0.113750	0.935847
0.113775	0.937654
0.113800	0.936018
0.113825	0.937823
0.113850	0.939604
0.113875	0.941359
0.113900	0.939767
0.113925	0.941520
0.113950	0.943248
0.113975	0.944951
0.114000	0.943403
0.114025	0.941836
0.114050	0.943559
0.114075	0.945258
0.114100	0.946931
0.114125	0.948579
0.114150	0.947078
0.114175	0.948724
0.114200	0.947225
0.114225	0.948868
0.114250	0.947372
0.114275	0.949013
0.114300	0.947518
0.114325	0.949157
0.114350	0.950770
0.114375	0.949299
0.114400	0.947808
0.114425	0.949443
0.114450	0.947953
0.114475	0.949586
0.114500	0.948098
0.114525	0.949728
0.114550	0.948243
0.114575	0.946738
0.114600	0.948389
0.114625	0.950014
0.114650	0.951615
0.114675	0.950155
0.114700	0.948675
0.114725	0.950296
0.114750	0.948819
0.114775	0.947321
0.114800	0.948963
0.114825	0.950580
0.114850	0.952171
0.114875	0.950719
0.114900	0.949247
0.114925	0.947755
0.114950	0.949391
0.114975	0.951001
0.115000	0.952585
0.115025	0.951139
0.115050	0.949673
0.115075	0.948187
0.115100	0.946681
0.115125	0.945155
0.115150	0.943610
0.115175	0.945308
0.115200	0.943764
0.115225	0.945460
0.115250	0.947130
0.115275	0.948775
0.115300	0.950395
0.115325	0.948918
0.115350	0.947422
0.115375	0.945906
0.115400	0.947569
0.115425	0.949208
0.115450	0.950821
0.115475	0.952408
0.115500	0.953970
0.115525	0.952543
0.115550	0.954103
0.115575	0.955638
0.115600	0.957147
0.115625	0.955766
0.115650	0.957273
0.115675	0.955894
0.115700	0.957398
0.115725	0.958877
0.115750	0.960331
0.115775	0.961758
0.115800	0.960448
0.115825	0.959118
0.115850	0.960567
0.115875	0.961990
0.115900	0.963388
0.115925	0.964760
0.115950	0.966107
0.115975	0.967427
0.116000	0.966211
0.116025	0.964974
0.116050	0.966317
0.116075	0.965082
0.116100	0.966422
0.116125	0.967736
0.116150	0.969025
0.116175	0.967837
0.116200	0.966628
0.116225	0.965399
0.116250	0.966733
0.116275	0.965505
0.116300	0.964256
0.116325	0.962986
0.116350	0.964366
0.116375	0.963098
0.116400	0.961810
0.116425	0.963211
0.116450	0.964586
0.116475	0.963322
0.116500	0.962037
0.116525	0.963434
0.116550	0.962151
0.116575	0.960847
0.116600	0.959522
0.116625	0.958177
0.116650	0.959643
0.116675	0.961083
0.116700	0.962497
0.116725	0.963886
0.116750	0.965249
0.116775	0.966586
0.116800	0.967897
0.116825	0.966689
0.116850	0.967998
0.116875	0.969281
0.116900	0.968099
0.116925	0.966895
0.116950	0.968200
0.116975	0.966997
0.117000	0.968300
0.117025	0.969578
0.117050	0.968400
0.117075	0.969675
0.117100	0.970925
0.117125	0.972148
0.117150	0.971018
0.117175	0.969867
0.117200	0.968695
0.117225	0.967502
0.117250	0.966287
0.117275	0.965051
0.117300	0.963795
0.117325	0.965159
0.117350	0.963905
0.117375	0.965267
0.117400	0.964014
0.117425	0.965375
0.117450	0.966709
0.117475	0.968018
0.117500	0.969301
0.117525	0.970558
0.117550	0.969398
0.117575	0.968218
0.117600	0.967016
0.117625	0.968318
0.117650	0.967118
0.117675	0.968419
0.117700	0.967221
0.117725	0.966001
0.117750	0.964761
0.117775	0.963499
0.117800	0.964869
0.117825	0.966214
0.117850	0.967532
0.117875	0.966318
0.117900	0.965083
0.117925	0.963827
0.117950	0.965191
0.117975	0.963937
0.118000	0.962662
0.118025	0.961366
0.118050	0.962776
0.118075	0.961482
0.118100	0.962889
0.118125	0.964270
0.118150	0.963001
0.118175	0.961710
0.118200	0.960400
0.118225	0.959068
0.118250	0.957716
0.118275	0.956344
0.118300	0.954951
0.118325	0.956472
0.118350	0.955081
0.118375	0.953670
0.118400	0.955211
0.118425	0.956728
0.118450	0.958218
0.118475	0.959683
0.118500	0.961122
0.118525	0.959802
0.118550	0.958461
0.118575	0.959922
0.118600	0.961357
0.118625	0.962766
0.118650	0.961472
0.118675	0.960158
0.118700	0.958823
0.118725	0.960277
0.118750	0.958944
0.118775	0.960396
0.118800	0.961822
0.118825	0.963223
0.118850	0.961937
0.118875	0.960629
0.118900	0.959302
0.118925	0.957953
0.118950	0.956584
0.118975	0.958077
0.119000	0.959545
0.119025	0.958200
0.119050	0.959665
0.119075	0.958322
0.119100	0.956959
0.119125	0.958446
0.119150	0.957084
0.119175	0.955703
0.119200	0.957210
0.119225	0.958693
0.119250	0.960149
0.119275	0.958814
0.119300	0.960269
0.119325	0.961697
0.119350	0.963101
0.119375	0.964478
0.119400	0.963212
0.119425	0.961925
0.119450	0.963324
0.119475	0.964698
0.119500	0.963435
0.119525	0.962152
0.119550	0.960848
0.119575	0.962267
0.119600	0.963659
0.119625	0.962380
0.119650	0.963771
0.119675	0.962493
0.119700	0.963882
0.119725	0.962606
0.119750	0.963992
0.119775	0.965353
0.119800	0.966688
0.119825	0.967997
0.119850	0.969281
0.119875	0.968098
0.119900	0.966894
0.119925	0.968199
0.119950	0.966996
0.119975	0.965773
0.120000	0.964529
0.120025	0.965880
0.120050	0.967204
0.120075	0.965985
0.120100	0.967308
0.120125	0.968605
0.120150	0.969876
0.120175	0.971121
0.120200	0.972340
0.120225	0.971214
0.120250	0.972431
0.120275	0.973623
0.120300	0.974788
0.120325	0.975927
0.120350	0.974873
0.120375	0.976010
0.120400	0.977121
0.120425	0.978206
0.120450	0.979265
0.120475	0.980298
0.120500	0.979340
0.120525	0.980371
0.120550	0.981376
0.120575	0.980443
0.120600	0.981446
0.120625	0.980515
0.120650	0.981516
0.120675	0.980586
0.120700	0.981586
0.120725	0.982559
0.120750	0.983506
0.120775	0.982626
0.120800	0.983571
0.120825	0.982692
0.120850	0.983636
0.120875	0.984553
0.120900	0.985444
0.120925	0.986309
0.120950	0.987147
0.120975	0.987960
0.121000	0.987203
0.121025	0.988014
0.121050	0.987259
0.121075	0.988068
0.121100	0.987315
0.121125	0.986539
0.121150	0.987371
0.121175	0.988176
0.121200	0.987426
0.121225	0.988229
0.121250	0.987481
0.121275	0.986711
0.121300	0.985917
0.121325	0.985101
0.121350	0.985976
0.121375	0.986825
0.121400	0.987648
0.121425	0.986882
0.121450	0.986094
0.121475	0.986939
0.121500	0.986152
0.121525	0.985343
0.121550	0.984511
0.121575	0.983657
0.121600	0.984574
0.121625	0.985464
0.121650	0.984636
0.121675	0.983785
0.121700	0.984698
0.121725	0.985585
0.121750	0.986445
0.121775	0.985644
0.121800	0.986503
0.121825	0.987336
0.121850	0.988142
0.121875	0.987391
0.121900	0.986618
0.121925	0.985822
0.121950	0.986675
0.121975	0.985881
0.122000	0.985064
0.122025	0.985940
0.122050	0.985125
0.122075	0.984287
0.122100	0.983427
0.122125	0.984350
0.122150	0.983492
0.122175	0.984413
0.122200	0.985308
0.122225	0.984476
0.122250	0.983621
0.122275	0.982743
0.122300	0.983685
0.122325	0.984601
0.122350	0.985491
0.122375	0.986354
0.122400	0.985551
0.122425	0.986412
0.122450	0.985610
0.122475	0.984786
0.122500	0.985670
0.122525	0.986528
0.122550	0.985730
0.122575	0.986586
0.122600	0.985789
0.122625	0.984970
0.122650	0.984128
0.122675	0.983264
0.122700	0.982377
0.122725	0.981468
0.122750	0.982445
0.122775	0.983395
0.122800	0.982512
0.122825	0.981606
0.122850	0.980679
0.122875	0.979729
0.122900	0.978757
0.122925	0.977764
0.122950	0.976748
0.122975	0.975711
0.123000	0.974652
0.123025	0.973572
0.123050	0.974738
0.123075	0.973659
0.123100	0.974824
0.123125	0.975962
0.123150	0.977074
0.123175	0.978161
0.123200	0.979221
0.123225	0.978238
0.123250	0.977233
0.123275	0.978315
0.123300	0.977312
0.123325	0.978392
0.123350	0.979447
0.123375	0.980475
0.123400	0.979521
0.123425	0.978545
0.123450	0.977546
0.123475	0.978621
0.123500	0.977625
0.123525	0.978698
0.123550	0.979745
0.123575	0.980766
0.123600	0.979818
0.123625	0.978849
0.123650	0.977857
0.123675	0.978925
0.123700	0.977935
0.123725	0.976923
0.123750	0.975889
0.123775	0.974834
0.123800	0.973757
0.123825	0.974920
0.123850	0.973844
0.123875	0.972748
0.123900	0.973932
0.123925	0.972837
0.123950	0.974020
0.123975	0.975176
0.124000	0.974106
0.124025	0.975261
0.124050	0.974193
0.124075	0.973103
0.124100	0.974280
0.124125	0.973192
0.124150	0.972082
0.124175	0.973281
0.124200	0.974454
0.124225	0.973369
0.124250	0.974540
0.124275	0.973457
0.124300	0.972353
0.124325	0.973546
0.124350	0.974713
0.124375	0.975854
0.124400	0.974798
0.124425	0.973720
0.124450	0.974883
0.124475	0.973807
0.124500	0.974969
0.124525	0.976104
0.124550	0.975053
0.124575	0.973981
0.124600	0.972887
0.124625	0.974068
0.124650	0.975223
0.124675	0.974154
0.124700	0.973064
0.124725	0.971952
0.124750	0.970818
0.124775	0.972044
0.124800	0.970912
0.124825	0.969759
0.124850	0.968585
0.124875	0.969857
0.124900	0.971102
0.124925	0.969953
0.124950	0.968782
0.124975	0.970049
0.125000	0.968880
0.125025	0.970146
0.125050	0.971386
0.125075	0.972599
0.125100	0.971478
0.125125	0.970336
0.125150	0.969172
0.125175	0.970432
0.125200	0.971665
0.125225	0.970526
0.125250	0.969366
0.125275	0.970622
0.125300	0.969464
0.125325	0.970717
0.125350	0.969561
0.125375	0.970812
0.125400	0.972038
0.125425	0.973238
0.125450	0.972129
0.125475	0.973327
0.125500	0.974499
0.125525	0.975644
0.125550	0.976764
0.125575	0.975727
0.125600	0.976845
0.125625	0.975810
0.125650	0.974753
0.125675	0.973674
0.125700	0.972574
0.125725	0.971453
0.125750	0.972665
0.125775	0.973851
0.125800	0.972755
0.125825	0.973939
0.125850	0.975097
0.125875	0.976229
0.125900	0.977336
0.125925	0.978416
0.125950	0.979470
0.125975	0.980498
0.126000	0.981499
0.126025	0.982475
0.126050	0.983424
0.126075	0.984347
0.126100	0.983489
0.126125	0.982608
0.126150	0.983554
0.126175	0.982675
0.126200	0.981773
0.126225	0.982742
0.126250	0.983684
0.126275	0.984600
0.126300	0.983748
0.126325	0.984662
0.126350	0.985550
0.126375	0.986411
0.126400	0.987247
0.126425	0.988056
0.126450	0.988839
0.126475	0.989596
0.126500	0.988891
0.126525	0.989646
0.126550	0.990374
0.126575	0.989696
0.126600	0.990423
0.126625	0.991123
0.126650	0.990471
0.126675	0.989796
0.126700	0.990519
0.126725	0.989846
0.126750	0.990567
0.126775	0.989895
0.126800	0.989201
0.126825	0.988483
0.126850	0.989252
0.126875	0.988536
0.126900	0.987797
0.126925	0.988589
0.126950	0.987852
0.126975	0.987092
0.127000	0.986310
0.127025	0.985505
0.127050	0.984678
0.127075	0.983828
0.127100	0.984740
0.127125	0.985626
0.127150	0.984802
0.127175	0.985685
0.127200	0.986543
0.127225	0.987374
0.127250	0.986600
0.127275	0.987430
0.127300	0.986658
0.127325	0.985863
0.127350	0.986715
0.127375	0.985922
0.127400	0.986772
0.127425	0.985981
0.127450	0.985167
0.127475	0.986040
0.127500	0.985227
0.127525	0.984392
0.127550	0.983535
0.127575	0.984455
0.127600	0.983600
0.127625	0.984518
0.127650	0.985410
0.127675	0.986276
0.127700	0.987115
0.127725	0.987929
0.127750	0.987171
0.127775	0.986392
0.127800	0.985589
0.127825	0.986450
0.127850	0.987284
0.127875	0.988092
0.127900	0.988874
0.127925	0.988146
0.127950	0.987395
0.127975	0.988199
0.128000	0.987450
0.128025	0.988253
0.128050	0.987506
0.128075	0.988306
0.128100	0.987561
0.128125	0.988360
0.128150	0.989133
0.128175	0.989879
0.128200	0.989184
0.128225	0.989929
0.128250	0.989235
0.128275	0.989978
0.128300	0.989286
0.128325	0.988572
0.128350	0.989337
0.128375	0.988624
0.128400	0.987888
0.128425	0.987130
0.128450	0.986349
0.128475	0.985545
0.128500	0.984719
0.128525	0.983870
0.128550	0.984781
0.128575	0.985665
0.128600	0.986523
0.128625	0.987355
0.128650	0.988161
0.128675	0.987411
0.128700	0.988215
0.128725	0.987466
0.128750	0.986695
0.128775	0.987522
0.128800	0.988322
0.128825	0.989096
0.128850	0.988375
0.128875	0.989148
0.128900	0.989894
0.128925	0.989199
0.128950	0.988481
0.128975	0.987741
0.129000	0.986978
0.129025	0.987796
0.129050	0.987034
0.129075	0.986250
0.129100	0.987091
0.129125	0.986309
0.129150	0.987147
0.129175	0.987960
0.129200	0.988746
0.129225	0.989505
0.129250	0.990239
0.129275	0.990946
0.129300	0.990288
0.129325	0.990993
0.129350	0.991672
0.129375	0.992325
0.129400	0.992952
0.129425	0.992369
0.129450	0.992994
0.129475	0.993592
0.129500	0.994165
0.129525	0.994710
0.129550	0.994204
0.129575	0.994748
0.129600	0.995266
0.129625	0.994786
0.129650	0.994283
0.129675	0.994824
0.129700	0.994323
0.129725	0.994861
0.129750	0.994362
0.129775	0.994898
0.129800	0.995408
0.129825	0.995892
0.129850	0.995445
0.129875	0.994974
0.129900	0.995481
0.129925	0.995012
0.129950	0.994520
0.129975	0.995049
0.130000	0.995551
0.130025	0.996027
0.130050	0.995588
0.130075	0.995124
0.130100	0.995623
0.130125	0.996095
0.130150	0.996541
0.130175	0.996961
0.130200	0.996575
0.130225	0.996993
0.130250	0.997383
0.130275	0.997026
0.130300	0.996644
0.130325	0.997057
0.130350	0.997444
0.130375	0.997090
0.130400	0.996713
0.130425	0.996312
0.130450	0.996745
0.130475	0.997152
0.130500	0.997533
0.130525	0.997886
0.130550	0.998214
0.130575	0.997917
0.130600	0.997598
0.130625	0.997255
0.130650	0.996888
0.130675	0.996498
0.130700	0.996920
0.130725	0.996532
0.130750	0.996952
0.130775	0.996566
0.130800	0.996984
0.130825	0.996600
0.130850	0.997016
0.130875	0.997405
0.130900	0.997768
0.130925	0.997437
0.130950	0.997083
0.130975	0.996705
0.131000	0.997115
0.131025	0.997498
0.131050	0.997147
0.131075	0.997528
0.131100	0.997882
0.131125	0.997560
0.131150	0.997214
0.131175	0.997590
0.131200	0.997940
0.131225	0.997622
0.131250	0.997280
0.131275	0.996916
0.131300	0.996527
0.131325	0.996948
0.131350	0.996561
0.131375	0.996980
0.131400	0.996595
0.131425	0.997011
0.131450	0.997401
0.131475	0.997764
0.131500	0.998101
0.131525	0.998411
0.131550	0.998132
0.131575	0.997829
0.131600	0.998161
0.131625	0.998466
0.131650	0.998744
0.131675	0.998996
0.131700	0.998774
0.131725	0.999023
0.131750	0.999245
0.131775	0.999052
0.131800	0.998835
0.131825	0.998595
0.131850	0.998862
0.131875	0.998625
0.131900	0.998889
0.131925	0.998655
0.131950	0.998915
0.131975	0.999150
0.132000	0.999357
0.132025	0.999178
0.132050	0.999382
0.132075	0.999207
0.132100	0.999407
0.132125	0.999580
0.132150	0.999725
0.132175	0.999843
0.132200	0.999754
0.132225	0.999644
0.132250	0.999778
0.132275	0.999673
0.132300	0.999801
0.132325	0.999901
0.132350	0.999971
0.132375	0.999934
0.132400	0.999991
0.132425	0.999971
0.132450	0.999932
0.132475	0.999991
0.132500	1.000000
